138.000000	-238.000000	-76.000000	76.000000	41	21	X_origin[m],Y_origin[m],DeltaX[m],DeltaY[m],Ncolumns,Nrows 
X_grid,Y_grid,Eo,ErRate[m/s],CritTau[Pa],Unitweight[N],Cohes[Pa],AngleRep[o],AnglePhib[o] 
138.000000	-238.000000	5.102574e-007	6.169901e-007	9.516919	0.000000	0.000000	0.000000	0.000000 
138.000000	-162.000000	5.243163e-007	6.093526e-007	9.282766	0.000000	0.000000	0.000000	0.000000 
138.000000	-86.000000	5.435891e-007	5.015408e-007	6.288579	0.000000	0.000000	0.000000	0.000000 
138.000000	-10.000000	5.023298e-007	6.502669e-007	10.571177	0.000000	0.000000	0.000000	0.000000 
138.000000	66.000000	6.032261e-007	6.093713e-007	9.283334	0.000000	0.000000	0.000000	0.000000 
138.000000	142.000000	5.249921e-007	6.181855e-007	9.553832	0.000000	0.000000	0.000000	0.000000 
138.000000	218.000000	4.369374e-007	6.255345e-007	9.782335	0.000000	0.000000	0.000000	0.000000 
138.000000	294.000000	4.860766e-007	5.396893e-007	7.281613	0.000000	0.000000	0.000000	0.000000 
138.000000	370.000000	5.649980e-007	6.456471e-007	10.421505	0.000000	0.000000	0.000000	0.000000 
138.000000	446.000000	5.261653e-007	6.233864e-007	9.715265	0.000000	0.000000	0.000000	0.000000 
138.000000	522.000000	5.435254e-007	6.157540e-007	9.478824	0.000000	0.000000	0.000000	0.000000 
138.000000	598.000000	4.404160e-007	6.578204e-007	10.818192	0.000000	0.000000	0.000000	0.000000 
138.000000	674.000000	4.677712e-007	5.930051e-007	8.791376	0.000000	0.000000	0.000000	0.000000 
138.000000	750.000000	5.136947e-007	5.929391e-007	8.789419	0.000000	0.000000	0.000000	0.000000 
138.000000	826.000000	4.701052e-007	5.753004e-007	8.274263	0.000000	0.000000	0.000000	0.000000 
138.000000	902.000000	5.435431e-007	5.690739e-007	8.096129	0.000000	0.000000	0.000000	0.000000 
138.000000	978.000000	4.910079e-007	6.320557e-007	9.987361	0.000000	0.000000	0.000000	0.000000 
138.000000	1054.000000	4.382752e-007	5.971466e-007	8.914602	0.000000	0.000000	0.000000	0.000000 
138.000000	1130.000000	5.908331e-007	6.083168e-007	9.251232	0.000000	0.000000	0.000000	0.000000 
138.000000	1206.000000	4.983502e-007	5.696417e-007	8.112292	0.000000	0.000000	0.000000	0.000000 
138.000000	1282.000000	5.495144e-007	5.956079e-007	8.868719	0.000000	0.000000	0.000000	0.000000 
62.000000	-238.000000	3.891084e-007	5.878458e-007	8.639066	0.000000	0.000000	0.000000	0.000000 
62.000000	-162.000000	5.149962e-007	5.392666e-007	7.270213	0.000000	0.000000	0.000000	0.000000 
62.000000	-86.000000	3.002472e-007	5.929135e-007	8.788660	0.000000	0.000000	0.000000	0.000000 
62.000000	-10.000000	3.980674e-007	5.857320e-007	8.577049	0.000000	0.000000	0.000000	0.000000 
62.000000	66.000000	5.235773e-007	6.219694e-007	9.671150	0.000000	0.000000	0.000000	0.000000 
62.000000	142.000000	4.537127e-007	6.337808e-007	10.041951	0.000000	0.000000	0.000000	0.000000 
62.000000	218.000000	5.015197e-007	6.425119e-007	10.320539	0.000000	0.000000	0.000000	0.000000 
62.000000	294.000000	4.956582e-007	6.241305e-007	9.738472	0.000000	0.000000	0.000000	0.000000 
62.000000	370.000000	5.536821e-007	5.916900e-007	8.752427	0.000000	0.000000	0.000000	0.000000 
62.000000	446.000000	4.639812e-007	6.164327e-007	9.499733	0.000000	0.000000	0.000000	0.000000 
62.000000	522.000000	4.425996e-007	5.873063e-007	8.623218	0.000000	0.000000	0.000000	0.000000 
62.000000	598.000000	5.360376e-007	5.844454e-007	8.539411	0.000000	0.000000	0.000000	0.000000 
62.000000	674.000000	5.198828e-007	6.024724e-007	9.074326	0.000000	0.000000	0.000000	0.000000 
62.000000	750.000000	5.729933e-007	6.082139e-007	9.248102	0.000000	0.000000	0.000000	0.000000 
62.000000	826.000000	4.149504e-007	5.766287e-007	8.312517	0.000000	0.000000	0.000000	0.000000 
62.000000	902.000000	5.598341e-007	5.633095e-007	7.932940	0.000000	0.000000	0.000000	0.000000 
62.000000	978.000000	4.769610e-007	5.810015e-007	8.439070	0.000000	0.000000	0.000000	0.000000 
62.000000	1054.000000	6.090811e-007	6.198013e-007	9.603841	0.000000	0.000000	0.000000	0.000000 
62.000000	1130.000000	5.562578e-007	5.221845e-007	6.816916	0.000000	0.000000	0.000000	0.000000 
62.000000	1206.000000	4.936568e-007	6.128290e-007	9.388983	0.000000	0.000000	0.000000	0.000000 
62.000000	1282.000000	5.534007e-007	5.815041e-007	8.453677	0.000000	0.000000	0.000000	0.000000 
-14.000000	-238.000000	6.041089e-007	6.508555e-007	10.590320	0.000000	0.000000	0.000000	0.000000 
-14.000000	-162.000000	5.395239e-007	6.057314e-007	9.172765	0.000000	0.000000	0.000000	0.000000 
-14.000000	-86.000000	5.856318e-007	6.144565e-007	9.438919	0.000000	0.000000	0.000000	0.000000 
-14.000000	-10.000000	5.138181e-007	5.829824e-007	8.496712	0.000000	0.000000	0.000000	0.000000 
-14.000000	66.000000	4.027584e-007	5.631991e-007	7.929831	0.000000	0.000000	0.000000	0.000000 
-14.000000	142.000000	4.592328e-007	5.661448e-007	8.012999	0.000000	0.000000	0.000000	0.000000 
-14.000000	218.000000	4.537772e-007	5.955849e-007	8.868034	0.000000	0.000000	0.000000	0.000000 
-14.000000	294.000000	5.400145e-007	6.016652e-007	9.050024	0.000000	0.000000	0.000000	0.000000 
-14.000000	370.000000	5.313626e-007	6.104690e-007	9.316811	0.000000	0.000000	0.000000	0.000000 
-14.000000	446.000000	4.956172e-007	6.010114e-007	9.030369	0.000000	0.000000	0.000000	0.000000 
-14.000000	522.000000	4.815847e-007	5.745027e-007	8.251334	0.000000	0.000000	0.000000	0.000000 
-14.000000	598.000000	5.096728e-007	5.990946e-007	8.972860	0.000000	0.000000	0.000000	0.000000 
-14.000000	674.000000	5.675144e-007	5.717808e-007	8.173333	0.000000	0.000000	0.000000	0.000000 
-14.000000	750.000000	5.729967e-007	5.984131e-007	8.952456	0.000000	0.000000	0.000000	0.000000 
-14.000000	826.000000	4.611921e-007	6.089502e-007	9.270510	0.000000	0.000000	0.000000	0.000000 
-14.000000	902.000000	5.509027e-007	6.187651e-007	9.571755	0.000000	0.000000	0.000000	0.000000 
-14.000000	978.000000	4.524571e-007	6.538640e-007	10.688452	0.000000	0.000000	0.000000	0.000000 
-14.000000	1054.000000	5.057183e-007	6.051549e-007	9.155312	0.000000	0.000000	0.000000	0.000000 
-14.000000	1130.000000	5.416918e-007	5.814111e-007	8.450971	0.000000	0.000000	0.000000	0.000000 
-14.000000	1206.000000	4.424586e-007	5.867175e-007	8.605936	0.000000	0.000000	0.000000	0.000000 
-14.000000	1282.000000	4.529583e-007	5.283585e-007	6.979067	0.000000	0.000000	0.000000	0.000000 
-90.000000	-238.000000	5.632844e-007	5.782281e-007	8.358694	0.000000	0.000000	0.000000	0.000000 
-90.000000	-162.000000	4.545391e-007	6.512847e-007	10.604295	0.000000	0.000000	0.000000	0.000000 
-90.000000	-86.000000	4.685760e-007	5.917678e-007	8.754727	0.000000	0.000000	0.000000	0.000000 
-90.000000	-10.000000	4.020474e-007	6.076373e-007	9.230577	0.000000	0.000000	0.000000	0.000000 
-90.000000	66.000000	5.368161e-007	5.903020e-007	8.711410	0.000000	0.000000	0.000000	0.000000 
-90.000000	142.000000	5.749629e-007	6.106759e-007	9.323128	0.000000	0.000000	0.000000	0.000000 
-90.000000	218.000000	5.426601e-007	5.275787e-007	6.958481	0.000000	0.000000	0.000000	0.000000 
-90.000000	294.000000	6.430970e-007	6.167829e-007	9.510527	0.000000	0.000000	0.000000	0.000000 
-90.000000	370.000000	4.870210e-007	6.113771e-007	9.344548	0.000000	0.000000	0.000000	0.000000 
-90.000000	446.000000	5.701580e-007	5.534557e-007	7.657830	0.000000	0.000000	0.000000	0.000000 
-90.000000	522.000000	6.000866e-007	5.999100e-007	8.997301	0.000000	0.000000	0.000000	0.000000 
-90.000000	598.000000	5.136674e-007	6.046968e-007	9.141457	0.000000	0.000000	0.000000	0.000000 
-90.000000	674.000000	5.408211e-007	6.371624e-007	10.149398	0.000000	0.000000	0.000000	0.000000 
-90.000000	750.000000	4.808588e-007	5.933927e-007	8.802871	0.000000	0.000000	0.000000	0.000000 
-90.000000	826.000000	4.795738e-007	5.859870e-007	8.584520	0.000000	0.000000	0.000000	0.000000 
-90.000000	902.000000	4.736143e-007	5.565710e-007	7.744281	0.000000	0.000000	0.000000	0.000000 
-90.000000	978.000000	5.666171e-007	5.450981e-007	7.428298	0.000000	0.000000	0.000000	0.000000 
-90.000000	1054.000000	5.225959e-007	6.402281e-007	10.247302	0.000000	0.000000	0.000000	0.000000 
-90.000000	1130.000000	4.358245e-007	6.365732e-007	10.130637	0.000000	0.000000	0.000000	0.000000 
-90.000000	1206.000000	4.000221e-007	5.981364e-007	8.944178	0.000000	0.000000	0.000000	0.000000 
-90.000000	1282.000000	4.373899e-007	6.146736e-007	9.445592	0.000000	0.000000	0.000000	0.000000 
-166.000000	-238.000000	5.795128e-007	6.587524e-007	10.848869	0.000000	0.000000	0.000000	0.000000 
-166.000000	-162.000000	5.672046e-007	5.912690e-007	8.739975	0.000000	0.000000	0.000000	0.000000 
-166.000000	-86.000000	5.169100e-007	6.453755e-007	10.412739	0.000000	0.000000	0.000000	0.000000 
-166.000000	-10.000000	4.081602e-007	6.051352e-007	9.154716	0.000000	0.000000	0.000000	0.000000 
-166.000000	66.000000	3.869481e-007	5.204037e-007	6.770500	0.000000	0.000000	0.000000	0.000000 
-166.000000	142.000000	4.464663e-007	6.023722e-007	9.071306	0.000000	0.000000	0.000000	0.000000 
-166.000000	218.000000	5.100131e-007	6.786336e-007	11.513588	0.000000	0.000000	0.000000	0.000000 
-166.000000	294.000000	4.186177e-007	5.862265e-007	8.591537	0.000000	0.000000	0.000000	0.000000 
-166.000000	370.000000	5.478222e-007	5.666359e-007	8.026907	0.000000	0.000000	0.000000	0.000000 
-166.000000	446.000000	5.540325e-007	5.688363e-007	8.089367	0.000000	0.000000	0.000000	0.000000 
-166.000000	522.000000	4.055060e-007	6.319700e-007	9.984651	0.000000	0.000000	0.000000	0.000000 
-166.000000	598.000000	5.028282e-007	5.943387e-007	8.830961	0.000000	0.000000	0.000000	0.000000 
-166.000000	674.000000	5.082763e-007	6.045715e-007	9.137667	0.000000	0.000000	0.000000	0.000000 
-166.000000	750.000000	5.232279e-007	6.387632e-007	10.200459	0.000000	0.000000	0.000000	0.000000 
-166.000000	826.000000	5.590355e-007	6.232396e-007	9.710691	0.000000	0.000000	0.000000	0.000000 
-166.000000	902.000000	5.279360e-007	5.984084e-007	8.952315	0.000000	0.000000	0.000000	0.000000 
-166.000000	978.000000	5.057095e-007	5.907465e-007	8.724537	0.000000	0.000000	0.000000	0.000000 
-166.000000	1054.000000	4.858159e-007	5.907194e-007	8.723736	0.000000	0.000000	0.000000	0.000000 
-166.000000	1130.000000	5.922439e-007	6.203979e-007	9.622340	0.000000	0.000000	0.000000	0.000000 
-166.000000	1206.000000	5.210783e-007	5.890520e-007	8.674555	0.000000	0.000000	0.000000	0.000000 
-166.000000	1282.000000	5.206465e-007	5.624853e-007	7.909742	0.000000	0.000000	0.000000	0.000000 
-242.000000	-238.000000	5.316240e-007	5.841663e-007	8.531257	0.000000	0.000000	0.000000	0.000000 
-242.000000	-162.000000	5.121265e-007	6.304167e-007	9.935629	0.000000	0.000000	0.000000	0.000000 
-242.000000	-86.000000	5.369705e-007	5.510302e-007	7.590857	0.000000	0.000000	0.000000	0.000000 
-242.000000	-10.000000	4.654630e-007	5.896560e-007	8.692355	0.000000	0.000000	0.000000	0.000000 
-242.000000	66.000000	4.785595e-007	5.640797e-007	7.954648	0.000000	0.000000	0.000000	0.000000 
-242.000000	142.000000	5.186462e-007	6.012841e-007	9.038565	0.000000	0.000000	0.000000	0.000000 
-242.000000	218.000000	4.491174e-007	6.216912e-007	9.662497	0.000000	0.000000	0.000000	0.000000 
-242.000000	294.000000	4.832478e-007	5.675169e-007	8.051886	0.000000	0.000000	0.000000	0.000000 
-242.000000	370.000000	4.598243e-007	6.179480e-007	9.546493	0.000000	0.000000	0.000000	0.000000 
-242.000000	446.000000	5.198620e-007	6.422567e-007	10.312341	0.000000	0.000000	0.000000	0.000000 
-242.000000	522.000000	4.806503e-007	6.137747e-007	9.417986	0.000000	0.000000	0.000000	0.000000 
-242.000000	598.000000	5.513697e-007	6.024141e-007	9.072569	0.000000	0.000000	0.000000	0.000000 
-242.000000	674.000000	5.532086e-007	6.249085e-007	9.762766	0.000000	0.000000	0.000000	0.000000 
-242.000000	750.000000	5.093735e-007	5.778824e-007	8.348703	0.000000	0.000000	0.000000	0.000000 
-242.000000	826.000000	4.972921e-007	6.240148e-007	9.734863	0.000000	0.000000	0.000000	0.000000 
-242.000000	902.000000	4.655233e-007	6.128656e-007	9.390105	0.000000	0.000000	0.000000	0.000000 
-242.000000	978.000000	4.457450e-007	5.691813e-007	8.099183	0.000000	0.000000	0.000000	0.000000 
-242.000000	1054.000000	5.135415e-007	6.303621e-007	9.933908	0.000000	0.000000	0.000000	0.000000 
-242.000000	1130.000000	5.037714e-007	6.390831e-007	10.210679	0.000000	0.000000	0.000000	0.000000 
-242.000000	1206.000000	4.540539e-007	5.435321e-007	7.385680	0.000000	0.000000	0.000000	0.000000 
-242.000000	1282.000000	5.922522e-007	6.347367e-007	10.072268	0.000000	0.000000	0.000000	0.000000 
-318.000000	-238.000000	5.590457e-007	6.296648e-007	9.911945	0.000000	0.000000	0.000000	0.000000 
-318.000000	-162.000000	3.997960e-007	5.695972e-007	8.111024	0.000000	0.000000	0.000000	0.000000 
-318.000000	-86.000000	5.158038e-007	6.407794e-007	10.264957	0.000000	0.000000	0.000000	0.000000 
-318.000000	-10.000000	4.890010e-007	6.385514e-007	10.193698	0.000000	0.000000	0.000000	0.000000 
-318.000000	66.000000	4.562506e-007	5.957751e-007	8.873699	0.000000	0.000000	0.000000	0.000000 
-318.000000	142.000000	4.998863e-007	6.096710e-007	9.292468	0.000000	0.000000	0.000000	0.000000 
-318.000000	218.000000	5.075918e-007	6.029475e-007	9.088642	0.000000	0.000000	0.000000	0.000000 
-318.000000	294.000000	4.622156e-007	6.155281e-007	9.471871	0.000000	0.000000	0.000000	0.000000 
-318.000000	370.000000	5.026905e-007	5.761628e-007	8.299089	0.000000	0.000000	0.000000	0.000000 
-318.000000	446.000000	4.944579e-007	5.198895e-007	6.757126	0.000000	0.000000	0.000000	0.000000 
-318.000000	522.000000	4.760870e-007	6.211098e-007	9.644434	0.000000	0.000000	0.000000	0.000000 
-318.000000	598.000000	5.549415e-007	5.950326e-007	8.851595	0.000000	0.000000	0.000000	0.000000 
-318.000000	674.000000	5.325754e-007	6.249352e-007	9.763601	0.000000	0.000000	0.000000	0.000000 
-318.000000	750.000000	3.878696e-007	5.957035e-007	8.871567	0.000000	0.000000	0.000000	0.000000 
-318.000000	826.000000	4.153643e-007	6.325350e-007	10.002514	0.000000	0.000000	0.000000	0.000000 
-318.000000	902.000000	3.635437e-007	5.948931e-007	8.847446	0.000000	0.000000	0.000000	0.000000 
-318.000000	978.000000	5.187223e-007	5.952190e-007	8.857142	0.000000	0.000000	0.000000	0.000000 
-318.000000	1054.000000	4.777853e-007	5.768085e-007	8.317701	0.000000	0.000000	0.000000	0.000000 
-318.000000	1130.000000	5.328901e-007	5.768067e-007	8.317650	0.000000	0.000000	0.000000	0.000000 
-318.000000	1206.000000	5.266720e-007	6.665687e-007	11.107847	0.000000	0.000000	0.000000	0.000000 
-318.000000	1282.000000	5.201404e-007	6.376742e-007	10.165711	0.000000	0.000000	0.000000	0.000000 
-394.000000	-238.000000	5.053933e-007	6.121890e-007	9.369385	0.000000	0.000000	0.000000	0.000000 
-394.000000	-162.000000	4.521694e-007	5.348207e-007	7.150830	0.000000	0.000000	0.000000	0.000000 
-394.000000	-86.000000	4.783718e-007	5.835928e-007	8.514514	0.000000	0.000000	0.000000	0.000000 
-394.000000	-10.000000	5.121147e-007	5.455811e-007	7.441468	0.000000	0.000000	0.000000	0.000000 
-394.000000	66.000000	4.629904e-007	5.771279e-007	8.326915	0.000000	0.000000	0.000000	0.000000 
-394.000000	142.000000	5.412428e-007	5.016613e-007	6.291602	0.000000	0.000000	0.000000	0.000000 
-394.000000	218.000000	4.131519e-007	5.809870e-007	8.438646	0.000000	0.000000	0.000000	0.000000 
-394.000000	294.000000	5.646653e-007	6.338138e-007	10.042999	0.000000	0.000000	0.000000	0.000000 
-394.000000	370.000000	6.154837e-007	5.875535e-007	8.630478	0.000000	0.000000	0.000000	0.000000 
-394.000000	446.000000	3.890428e-007	6.411371e-007	10.276420	0.000000	0.000000	0.000000	0.000000 
-394.000000	522.000000	4.720990e-007	6.224867e-007	9.687242	0.000000	0.000000	0.000000	0.000000 
-394.000000	598.000000	5.401455e-007	5.950950e-007	8.853452	0.000000	0.000000	0.000000	0.000000 
-394.000000	674.000000	3.938829e-007	6.152442e-007	9.463134	0.000000	0.000000	0.000000	0.000000 
-394.000000	750.000000	5.134345e-007	6.064736e-007	9.195254	0.000000	0.000000	0.000000	0.000000 
-394.000000	826.000000	4.659954e-007	5.908732e-007	8.728277	0.000000	0.000000	0.000000	0.000000 
-394.000000	902.000000	4.499204e-007	6.351940e-007	10.086785	0.000000	0.000000	0.000000	0.000000 
-394.000000	978.000000	5.366213e-007	5.770091e-007	8.323488	0.000000	0.000000	0.000000	0.000000 
-394.000000	1054.000000	5.685536e-007	6.703574e-007	11.234476	0.000000	0.000000	0.000000	0.000000 
-394.000000	1130.000000	3.968076e-007	5.627012e-007	7.915815	0.000000	0.000000	0.000000	0.000000 
-394.000000	1206.000000	4.778748e-007	5.457705e-007	7.446637	0.000000	0.000000	0.000000	0.000000 
-394.000000	1282.000000	4.550137e-007	6.422830e-007	10.313186	0.000000	0.000000	0.000000	0.000000 
-470.000000	-238.000000	5.387558e-007	6.235750e-007	9.721146	0.000000	0.000000	0.000000	0.000000 
-470.000000	-162.000000	4.857433e-007	6.231865e-007	9.709034	0.000000	0.000000	0.000000	0.000000 
-470.000000	-86.000000	4.985170e-007	5.825333e-007	8.483627	0.000000	0.000000	0.000000	0.000000 
-470.000000	-10.000000	5.587048e-007	5.682095e-007	8.071551	0.000000	0.000000	0.000000	0.000000 
-470.000000	66.000000	4.529004e-007	5.790309e-007	8.381920	0.000000	0.000000	0.000000	0.000000 
-470.000000	142.000000	4.480927e-007	6.257021e-007	9.787578	0.000000	0.000000	0.000000	0.000000 
-470.000000	218.000000	4.946290e-007	5.799900e-007	8.409711	0.000000	0.000000	0.000000	0.000000 
-470.000000	294.000000	3.783824e-007	5.636993e-007	7.943921	0.000000	0.000000	0.000000	0.000000 
-470.000000	370.000000	5.372271e-007	5.973556e-007	8.920842	0.000000	0.000000	0.000000	0.000000 
-470.000000	446.000000	6.405684e-007	5.770348e-007	8.324230	0.000000	0.000000	0.000000	0.000000 
-470.000000	522.000000	4.009549e-007	5.690708e-007	8.096038	0.000000	0.000000	0.000000	0.000000 
-470.000000	598.000000	4.382336e-007	6.020029e-007	9.060187	0.000000	0.000000	0.000000	0.000000 
-470.000000	674.000000	4.394549e-007	6.141274e-007	9.428811	0.000000	0.000000	0.000000	0.000000 
-470.000000	750.000000	4.326376e-007	6.383661e-007	10.187781	0.000000	0.000000	0.000000	0.000000 
-470.000000	826.000000	4.481233e-007	6.738595e-007	11.352165	0.000000	0.000000	0.000000	0.000000 
-470.000000	902.000000	5.155878e-007	6.305090e-007	9.938540	0.000000	0.000000	0.000000	0.000000 
-470.000000	978.000000	5.003611e-007	6.143887e-007	9.436836	0.000000	0.000000	0.000000	0.000000 
-470.000000	1054.000000	5.547383e-007	6.246318e-007	9.754123	0.000000	0.000000	0.000000	0.000000 
-470.000000	1130.000000	4.743950e-007	5.853853e-007	8.566899	0.000000	0.000000	0.000000	0.000000 
-470.000000	1206.000000	4.912281e-007	6.386989e-007	10.198407	0.000000	0.000000	0.000000	0.000000 
-470.000000	1282.000000	5.408607e-007	6.507212e-007	10.585953	0.000000	0.000000	0.000000	0.000000 
-546.000000	-238.000000	4.846862e-007	5.703751e-007	8.133195	0.000000	0.000000	0.000000	0.000000 
-546.000000	-162.000000	4.872207e-007	5.673378e-007	8.046804	0.000000	0.000000	0.000000	0.000000 
-546.000000	-86.000000	4.979561e-007	5.824576e-007	8.481421	0.000000	0.000000	0.000000	0.000000 
-546.000000	-10.000000	4.991944e-007	5.707111e-007	8.142779	0.000000	0.000000	0.000000	0.000000 
-546.000000	66.000000	5.526005e-007	5.483602e-007	7.517473	0.000000	0.000000	0.000000	0.000000 
-546.000000	142.000000	4.745091e-007	5.785164e-007	8.367031	0.000000	0.000000	0.000000	0.000000 
-546.000000	218.000000	5.211994e-007	5.667006e-007	8.028739	0.000000	0.000000	0.000000	0.000000 
-546.000000	294.000000	4.490187e-007	6.483087e-007	10.507603	0.000000	0.000000	0.000000	0.000000 
-546.000000	370.000000	4.876809e-007	5.618471e-007	7.891804	0.000000	0.000000	0.000000	0.000000 
-546.000000	446.000000	4.812034e-007	6.044500e-007	9.133994	0.000000	0.000000	0.000000	0.000000 
-546.000000	522.000000	5.205041e-007	5.607546e-007	7.861143	0.000000	0.000000	0.000000	0.000000 
-546.000000	598.000000	4.205426e-007	5.550897e-007	7.703115	0.000000	0.000000	0.000000	0.000000 
-546.000000	674.000000	5.544512e-007	5.947128e-007	8.842084	0.000000	0.000000	0.000000	0.000000 
-546.000000	750.000000	5.099503e-007	5.647745e-007	7.974257	0.000000	0.000000	0.000000	0.000000 
-546.000000	826.000000	5.418817e-007	5.904317e-007	8.715241	0.000000	0.000000	0.000000	0.000000 
-546.000000	902.000000	4.754808e-007	6.050846e-007	9.153186	0.000000	0.000000	0.000000	0.000000 
-546.000000	978.000000	5.815013e-007	5.889143e-007	8.670500	0.000000	0.000000	0.000000	0.000000 
-546.000000	1054.000000	4.942073e-007	6.439778e-007	10.367684	0.000000	0.000000	0.000000	0.000000 
-546.000000	1130.000000	6.247290e-007	5.628809e-007	7.920873	0.000000	0.000000	0.000000	0.000000 
-546.000000	1206.000000	4.400052e-007	5.624683e-007	7.909266	0.000000	0.000000	0.000000	0.000000 
-546.000000	1282.000000	4.751390e-007	6.003043e-007	9.009132	0.000000	0.000000	0.000000	0.000000 
-622.000000	-238.000000	5.480301e-007	5.558799e-007	7.725061	0.000000	0.000000	0.000000	0.000000 
-622.000000	-162.000000	5.157955e-007	6.045921e-007	9.138292	0.000000	0.000000	0.000000	0.000000 
-622.000000	-86.000000	5.588058e-007	6.215983e-007	9.659612	0.000000	0.000000	0.000000	0.000000 
-622.000000	-10.000000	5.073756e-007	5.650144e-007	7.981033	0.000000	0.000000	0.000000	0.000000 
-622.000000	66.000000	5.000926e-007	5.533166e-007	7.653981	0.000000	0.000000	0.000000	0.000000 
-622.000000	142.000000	4.228763e-007	5.680102e-007	8.065888	0.000000	0.000000	0.000000	0.000000 
-622.000000	218.000000	4.928212e-007	6.142948e-007	9.433954	0.000000	0.000000	0.000000	0.000000 
-622.000000	294.000000	4.139695e-007	6.144359e-007	9.438287	0.000000	0.000000	0.000000	0.000000 
-622.000000	370.000000	5.499307e-007	5.474008e-007	7.491191	0.000000	0.000000	0.000000	0.000000 
-622.000000	446.000000	4.401972e-007	6.143771e-007	9.436481	0.000000	0.000000	0.000000	0.000000 
-622.000000	522.000000	5.097427e-007	6.302657e-007	9.930872	0.000000	0.000000	0.000000	0.000000 
-622.000000	598.000000	4.852101e-007	6.026448e-007	9.079520	0.000000	0.000000	0.000000	0.000000 
-622.000000	674.000000	5.574297e-007	5.682063e-007	8.071459	0.000000	0.000000	0.000000	0.000000 
-622.000000	750.000000	4.376310e-007	5.720311e-007	8.180489	0.000000	0.000000	0.000000	0.000000 
-622.000000	826.000000	4.704349e-007	5.995280e-007	8.985845	0.000000	0.000000	0.000000	0.000000 
-622.000000	902.000000	4.380660e-007	5.409137e-007	7.314690	0.000000	0.000000	0.000000	0.000000 
-622.000000	978.000000	5.253954e-007	6.010334e-007	9.031030	0.000000	0.000000	0.000000	0.000000 
-622.000000	1054.000000	5.244765e-007	5.825790e-007	8.484958	0.000000	0.000000	0.000000	0.000000 
-622.000000	1130.000000	5.252770e-007	6.562247e-007	10.765772	0.000000	0.000000	0.000000	0.000000 
-622.000000	1206.000000	5.334984e-007	6.654262e-007	11.069801	0.000000	0.000000	0.000000	0.000000 
-622.000000	1282.000000	4.782473e-007	5.986698e-007	8.960137	0.000000	0.000000	0.000000	0.000000 
-698.000000	-238.000000	5.118657e-007	5.837387e-007	8.518773	0.000000	0.000000	0.000000	0.000000 
-698.000000	-162.000000	4.388628e-007	5.970772e-007	8.912530	0.000000	0.000000	0.000000	0.000000 
-698.000000	-86.000000	5.139111e-007	6.105527e-007	9.319366	0.000000	0.000000	0.000000	0.000000 
-698.000000	-10.000000	4.577017e-007	6.381647e-007	10.181355	0.000000	0.000000	0.000000	0.000000 
-698.000000	66.000000	4.515889e-007	6.247267e-007	9.757085	0.000000	0.000000	0.000000	0.000000 
-698.000000	142.000000	4.795877e-007	6.377292e-007	10.167462	0.000000	0.000000	0.000000	0.000000 
-698.000000	218.000000	4.280499e-007	6.121448e-007	9.368033	0.000000	0.000000	0.000000	0.000000 
-698.000000	294.000000	3.573674e-007	6.288755e-007	9.887111	0.000000	0.000000	0.000000	0.000000 
-698.000000	370.000000	4.974878e-007	5.919396e-007	8.759813	0.000000	0.000000	0.000000	0.000000 
-698.000000	446.000000	5.102788e-007	5.340568e-007	7.130415	0.000000	0.000000	0.000000	0.000000 
-698.000000	522.000000	5.353776e-007	6.592307e-007	10.864628	0.000000	0.000000	0.000000	0.000000 
-698.000000	598.000000	4.632169e-007	5.641999e-007	7.958038	0.000000	0.000000	0.000000	0.000000 
-698.000000	674.000000	4.277588e-007	5.987328e-007	8.962023	0.000000	0.000000	0.000000	0.000000 
-698.000000	750.000000	5.113648e-007	5.642757e-007	7.960176	0.000000	0.000000	0.000000	0.000000 
-698.000000	826.000000	4.953419e-007	6.064729e-007	9.195233	0.000000	0.000000	0.000000	0.000000 
-698.000000	902.000000	5.658256e-007	6.076995e-007	9.232468	0.000000	0.000000	0.000000	0.000000 
-698.000000	978.000000	5.092268e-007	6.491126e-007	10.533678	0.000000	0.000000	0.000000	0.000000 
-698.000000	1054.000000	5.363942e-007	6.079050e-007	9.238712	0.000000	0.000000	0.000000	0.000000 
-698.000000	1130.000000	4.635253e-007	6.178404e-007	9.543169	0.000000	0.000000	0.000000	0.000000 
-698.000000	1206.000000	5.271956e-007	5.639884e-007	7.952074	0.000000	0.000000	0.000000	0.000000 
-698.000000	1282.000000	5.310222e-007	6.276860e-007	9.849743	0.000000	0.000000	0.000000	0.000000 
-774.000000	-238.000000	4.822824e-007	6.120869e-007	9.366260	0.000000	0.000000	0.000000	0.000000 
-774.000000	-162.000000	4.786621e-007	6.546796e-007	10.715135	0.000000	0.000000	0.000000	0.000000 
-774.000000	-86.000000	5.073328e-007	5.910156e-007	8.732487	0.000000	0.000000	0.000000	0.000000 
-774.000000	-10.000000	5.071664e-007	6.002048e-007	9.006144	0.000000	0.000000	0.000000	0.000000 
-774.000000	66.000000	4.857726e-007	6.135608e-007	9.411423	0.000000	0.000000	0.000000	0.000000 
-774.000000	142.000000	5.235623e-007	5.829901e-007	8.496937	0.000000	0.000000	0.000000	0.000000 
-774.000000	218.000000	5.346645e-007	5.916611e-007	8.751572	0.000000	0.000000	0.000000	0.000000 
-774.000000	294.000000	4.304650e-007	5.984417e-007	8.953312	0.000000	0.000000	0.000000	0.000000 
-774.000000	370.000000	5.930701e-007	5.562272e-007	7.734717	0.000000	0.000000	0.000000	0.000000 
-774.000000	446.000000	5.070709e-007	6.009930e-007	9.029814	0.000000	0.000000	0.000000	0.000000 
-774.000000	522.000000	5.559908e-007	5.839847e-007	8.525954	0.000000	0.000000	0.000000	0.000000 
-774.000000	598.000000	4.100992e-007	6.194670e-007	9.593486	0.000000	0.000000	0.000000	0.000000 
-774.000000	674.000000	4.677480e-007	5.351820e-007	7.160495	0.000000	0.000000	0.000000	0.000000 
-774.000000	750.000000	4.418748e-007	5.728925e-007	8.205144	0.000000	0.000000	0.000000	0.000000 
-774.000000	826.000000	5.640724e-007	6.392457e-007	10.215878	0.000000	0.000000	0.000000	0.000000 
-774.000000	902.000000	4.908801e-007	5.421093e-007	7.347062	0.000000	0.000000	0.000000	0.000000 
-774.000000	978.000000	5.304628e-007	5.613211e-007	7.877034	0.000000	0.000000	0.000000	0.000000 
-774.000000	1054.000000	4.789409e-007	5.976802e-007	8.930541	0.000000	0.000000	0.000000	0.000000 
-774.000000	1130.000000	5.048793e-007	5.514574e-007	7.602631	0.000000	0.000000	0.000000	0.000000 
-774.000000	1206.000000	5.340700e-007	5.938329e-007	8.815938	0.000000	0.000000	0.000000	0.000000 
-774.000000	1282.000000	4.639228e-007	5.678547e-007	8.061474	0.000000	0.000000	0.000000	0.000000 
-850.000000	-238.000000	5.301039e-007	6.166442e-007	9.506251	0.000000	0.000000	0.000000	0.000000 
-850.000000	-162.000000	3.907198e-007	5.810159e-007	8.439486	0.000000	0.000000	0.000000	0.000000 
-850.000000	-86.000000	4.868626e-007	6.527118e-007	10.650817	0.000000	0.000000	0.000000	0.000000 
-850.000000	-10.000000	5.803052e-007	6.331398e-007	10.021652	0.000000	0.000000	0.000000	0.000000 
-850.000000	66.000000	4.024182e-007	5.513317e-007	7.599165	0.000000	0.000000	0.000000	0.000000 
-850.000000	142.000000	4.694864e-007	6.225807e-007	9.690169	0.000000	0.000000	0.000000	0.000000 
-850.000000	218.000000	5.549281e-007	5.894086e-007	8.685063	0.000000	0.000000	0.000000	0.000000 
-850.000000	294.000000	5.159556e-007	6.209961e-007	9.640903	0.000000	0.000000	0.000000	0.000000 
-850.000000	370.000000	5.457272e-007	6.139118e-007	9.422193	0.000000	0.000000	0.000000	0.000000 
-850.000000	446.000000	4.495039e-007	6.326400e-007	10.005833	0.000000	0.000000	0.000000	0.000000 
-850.000000	522.000000	6.004367e-007	5.807119e-007	8.430659	0.000000	0.000000	0.000000	0.000000 
-850.000000	598.000000	5.468900e-007	6.260782e-007	9.799349	0.000000	0.000000	0.000000	0.000000 
-850.000000	674.000000	5.332773e-007	5.788352e-007	8.376255	0.000000	0.000000	0.000000	0.000000 
-850.000000	750.000000	5.393340e-007	5.771040e-007	8.326225	0.000000	0.000000	0.000000	0.000000 
-850.000000	826.000000	5.283289e-007	6.098403e-007	9.297629	0.000000	0.000000	0.000000	0.000000 
-850.000000	902.000000	4.632762e-007	5.907914e-007	8.725861	0.000000	0.000000	0.000000	0.000000 
-850.000000	978.000000	5.279846e-007	6.194782e-007	9.593832	0.000000	0.000000	0.000000	0.000000 
-850.000000	1054.000000	5.020198e-007	5.585588e-007	7.799699	0.000000	0.000000	0.000000	0.000000 
-850.000000	1130.000000	5.523018e-007	5.506648e-007	7.580794	0.000000	0.000000	0.000000	0.000000 
-850.000000	1206.000000	5.345594e-007	6.049038e-007	9.147715	0.000000	0.000000	0.000000	0.000000 
-850.000000	1282.000000	4.357346e-007	5.695268e-007	8.109020	0.000000	0.000000	0.000000	0.000000 
-926.000000	-238.000000	4.848530e-007	5.993229e-007	8.979699	0.000000	0.000000	0.000000	0.000000 
-926.000000	-162.000000	5.365002e-007	5.592187e-007	7.818139	0.000000	0.000000	0.000000	0.000000 
-926.000000	-86.000000	5.115808e-007	5.829343e-007	8.495311	0.000000	0.000000	0.000000	0.000000 
-926.000000	-10.000000	4.687508e-007	6.123658e-007	9.374796	0.000000	0.000000	0.000000	0.000000 
-926.000000	66.000000	4.550931e-007	6.059117e-007	9.178224	0.000000	0.000000	0.000000	0.000000 
-926.000000	142.000000	4.920870e-007	6.707237e-007	11.246758	0.000000	0.000000	0.000000	0.000000 
-926.000000	218.000000	5.049323e-007	6.196541e-007	9.599281	0.000000	0.000000	0.000000	0.000000 
-926.000000	294.000000	4.840433e-007	5.988990e-007	8.966999	0.000000	0.000000	0.000000	0.000000 
-926.000000	370.000000	5.748276e-007	6.441104e-007	10.371955	0.000000	0.000000	0.000000	0.000000 
-926.000000	446.000000	5.338814e-007	5.268585e-007	6.939496	0.000000	0.000000	0.000000	0.000000 
-926.000000	522.000000	5.088236e-007	5.830999e-007	8.500137	0.000000	0.000000	0.000000	0.000000 
-926.000000	598.000000	5.969007e-007	6.035579e-007	9.107053	0.000000	0.000000	0.000000	0.000000 
-926.000000	674.000000	4.988706e-007	5.401318e-007	7.293558	0.000000	0.000000	0.000000	0.000000 
-926.000000	750.000000	4.487541e-007	5.712653e-007	8.158600	0.000000	0.000000	0.000000	0.000000 
-926.000000	826.000000	4.571998e-007	6.156961e-007	9.477041	0.000000	0.000000	0.000000	0.000000 
-926.000000	902.000000	5.276813e-007	6.046265e-007	9.139331	0.000000	0.000000	0.000000	0.000000 
-926.000000	978.000000	4.777834e-007	6.068996e-007	9.208178	0.000000	0.000000	0.000000	0.000000 
-926.000000	1054.000000	4.526323e-007	6.172515e-007	9.524987	0.000000	0.000000	0.000000	0.000000 
-926.000000	1130.000000	4.746177e-007	6.225784e-007	9.690097	0.000000	0.000000	0.000000	0.000000 
-926.000000	1206.000000	5.544591e-007	5.597923e-007	7.834186	0.000000	0.000000	0.000000	0.000000 
-926.000000	1282.000000	4.252494e-007	6.078850e-007	9.238106	0.000000	0.000000	0.000000	0.000000 
-1002.000000	-238.000000	4.271345e-007	4.917257e-007	6.044854	0.000000	0.000000	0.000000	0.000000 
-1002.000000	-162.000000	4.093202e-007	5.798510e-007	8.405680	0.000000	0.000000	0.000000	0.000000 
-1002.000000	-86.000000	5.824947e-007	5.703082e-007	8.131287	0.000000	0.000000	0.000000	0.000000 
-1002.000000	-10.000000	5.800321e-007	6.206891e-007	9.631375	0.000000	0.000000	0.000000	0.000000 
-1002.000000	66.000000	5.536348e-007	5.770370e-007	8.324292	0.000000	0.000000	0.000000	0.000000 
-1002.000000	142.000000	4.497280e-007	5.826676e-007	8.487539	0.000000	0.000000	0.000000	0.000000 
-1002.000000	218.000000	5.224738e-007	6.152803e-007	9.464246	0.000000	0.000000	0.000000	0.000000 
-1002.000000	294.000000	5.223619e-007	6.055871e-007	9.168392	0.000000	0.000000	0.000000	0.000000 
-1002.000000	370.000000	4.955828e-007	5.947084e-007	8.841951	0.000000	0.000000	0.000000	0.000000 
-1002.000000	446.000000	5.475300e-007	6.387751e-007	10.200841	0.000000	0.000000	0.000000	0.000000 
-1002.000000	522.000000	4.607274e-007	6.878842e-007	11.829616	0.000000	0.000000	0.000000	0.000000 
-1002.000000	598.000000	5.220617e-007	6.384338e-007	10.189943	0.000000	0.000000	0.000000	0.000000 
-1002.000000	674.000000	5.596932e-007	5.586251e-007	7.801551	0.000000	0.000000	0.000000	0.000000 
-1002.000000	750.000000	4.103234e-007	6.235207e-007	9.719453	0.000000	0.000000	0.000000	0.000000 
-1002.000000	826.000000	4.956579e-007	6.055453e-007	9.167129	0.000000	0.000000	0.000000	0.000000 
-1002.000000	902.000000	4.917352e-007	6.071424e-007	9.215547	0.000000	0.000000	0.000000	0.000000 
-1002.000000	978.000000	4.873743e-007	6.439231e-007	10.365923	0.000000	0.000000	0.000000	0.000000 
-1002.000000	1054.000000	4.708054e-007	5.908371e-007	8.727212	0.000000	0.000000	0.000000	0.000000 
-1002.000000	1130.000000	6.149715e-007	6.289056e-007	9.888058	0.000000	0.000000	0.000000	0.000000 
-1002.000000	1206.000000	5.079307e-007	6.457058e-007	10.423399	0.000000	0.000000	0.000000	0.000000 
-1002.000000	1282.000000	4.266023e-007	5.696338e-007	8.112067	0.000000	0.000000	0.000000	0.000000 
-1078.000000	-238.000000	5.012394e-007	5.942866e-007	8.829413	0.000000	0.000000	0.000000	0.000000 
-1078.000000	-162.000000	4.913633e-007	6.048486e-007	9.146045	0.000000	0.000000	0.000000	0.000000 
-1078.000000	-86.000000	5.339830e-007	5.784367e-007	8.364726	0.000000	0.000000	0.000000	0.000000 
-1078.000000	-10.000000	4.936890e-007	6.317916e-007	9.979014	0.000000	0.000000	0.000000	0.000000 
-1078.000000	66.000000	5.133272e-007	5.964259e-007	8.893096	0.000000	0.000000	0.000000	0.000000 
-1078.000000	142.000000	5.434691e-007	6.140146e-007	9.425347	0.000000	0.000000	0.000000	0.000000 
-1078.000000	218.000000	5.330718e-007	5.645533e-007	7.968010	0.000000	0.000000	0.000000	0.000000 
-1078.000000	294.000000	4.529069e-007	6.392116e-007	10.214788	0.000000	0.000000	0.000000	0.000000 
-1078.000000	370.000000	4.897560e-007	5.413871e-007	7.327499	0.000000	0.000000	0.000000	0.000000 
-1078.000000	446.000000	4.843967e-007	5.918556e-007	8.757327	0.000000	0.000000	0.000000	0.000000 
-1078.000000	522.000000	4.685268e-007	5.335782e-007	7.117641	0.000000	0.000000	0.000000	0.000000 
-1078.000000	598.000000	4.798369e-007	6.781286e-007	11.496461	0.000000	0.000000	0.000000	0.000000 
-1078.000000	674.000000	5.596275e-007	6.201521e-007	9.614715	0.000000	0.000000	0.000000	0.000000 
-1078.000000	750.000000	6.365388e-007	5.846049e-007	8.544073	0.000000	0.000000	0.000000	0.000000 
-1078.000000	826.000000	6.205801e-007	5.467871e-007	7.474404	0.000000	0.000000	0.000000	0.000000 
-1078.000000	902.000000	5.869229e-007	5.806289e-007	8.428247	0.000000	0.000000	0.000000	0.000000 
-1078.000000	978.000000	5.120167e-007	6.227564e-007	9.695637	0.000000	0.000000	0.000000	0.000000 
-1078.000000	1054.000000	4.682460e-007	6.153495e-007	9.466374	0.000000	0.000000	0.000000	0.000000 
-1078.000000	1130.000000	5.010175e-007	5.092082e-007	6.482324	0.000000	0.000000	0.000000	0.000000 
-1078.000000	1206.000000	5.152868e-007	5.283685e-007	6.979333	0.000000	0.000000	0.000000	0.000000 
-1078.000000	1282.000000	4.071662e-007	6.275865e-007	9.846619	0.000000	0.000000	0.000000	0.000000 
-1154.000000	-238.000000	4.605980e-007	5.719518e-007	8.178222	0.000000	0.000000	0.000000	0.000000 
-1154.000000	-162.000000	5.028407e-007	6.181880e-007	9.553911	0.000000	0.000000	0.000000	0.000000 
-1154.000000	-86.000000	5.239583e-007	5.621257e-007	7.899633	0.000000	0.000000	0.000000	0.000000 
-1154.000000	-10.000000	5.256604e-007	5.791122e-007	8.384275	0.000000	0.000000	0.000000	0.000000 
-1154.000000	66.000000	4.660510e-007	5.725403e-007	8.195060	0.000000	0.000000	0.000000	0.000000 
-1154.000000	142.000000	5.666658e-007	6.431588e-007	10.341332	0.000000	0.000000	0.000000	0.000000 
-1154.000000	218.000000	5.753808e-007	6.037630e-007	9.113244	0.000000	0.000000	0.000000	0.000000 
-1154.000000	294.000000	4.808735e-007	5.876958e-007	8.634659	0.000000	0.000000	0.000000	0.000000 
-1154.000000	370.000000	4.449531e-007	6.508643e-007	10.590608	0.000000	0.000000	0.000000	0.000000 
-1154.000000	446.000000	4.373544e-007	5.890246e-007	8.673749	0.000000	0.000000	0.000000	0.000000 
-1154.000000	522.000000	4.980618e-007	6.286633e-007	9.880438	0.000000	0.000000	0.000000	0.000000 
-1154.000000	598.000000	5.761663e-007	6.157074e-007	9.477390	0.000000	0.000000	0.000000	0.000000 
-1154.000000	674.000000	4.399999e-007	5.847729e-007	8.548983	0.000000	0.000000	0.000000	0.000000 
-1154.000000	750.000000	5.819717e-007	5.495940e-007	7.551340	0.000000	0.000000	0.000000	0.000000 
-1154.000000	826.000000	5.090730e-007	5.893561e-007	8.683515	0.000000	0.000000	0.000000	0.000000 
-1154.000000	902.000000	3.883594e-007	6.005749e-007	9.017254	0.000000	0.000000	0.000000	0.000000 
-1154.000000	978.000000	5.322294e-007	5.689975e-007	8.093955	0.000000	0.000000	0.000000	0.000000 
-1154.000000	1054.000000	6.039797e-007	5.600422e-007	7.841182	0.000000	0.000000	0.000000	0.000000 
-1154.000000	1130.000000	5.787088e-007	5.999406e-007	8.998217	0.000000	0.000000	0.000000	0.000000 
-1154.000000	1206.000000	4.068390e-007	6.586373e-007	10.845076	0.000000	0.000000	0.000000	0.000000 
-1154.000000	1282.000000	5.261864e-007	6.366440e-007	10.132891	0.000000	0.000000	0.000000	0.000000 
-1230.000000	-238.000000	4.964199e-007	5.931732e-007	8.796361	0.000000	0.000000	0.000000	0.000000 
-1230.000000	-162.000000	5.127095e-007	5.982732e-007	8.948270	0.000000	0.000000	0.000000	0.000000 
-1230.000000	-86.000000	4.701602e-007	5.961258e-007	8.884149	0.000000	0.000000	0.000000	0.000000 
-1230.000000	-10.000000	4.700852e-007	5.357774e-007	7.176437	0.000000	0.000000	0.000000	0.000000 
-1230.000000	66.000000	4.984957e-007	6.108119e-007	9.327279	0.000000	0.000000	0.000000	0.000000 
-1230.000000	142.000000	4.622808e-007	5.869042e-007	8.611412	0.000000	0.000000	0.000000	0.000000 
-1230.000000	218.000000	3.506995e-007	5.574541e-007	7.768877	0.000000	0.000000	0.000000	0.000000 
-1230.000000	294.000000	5.121177e-007	5.962649e-007	8.888296	0.000000	0.000000	0.000000	0.000000 
-1230.000000	370.000000	5.375172e-007	5.193034e-007	6.741902	0.000000	0.000000	0.000000	0.000000 
-1230.000000	446.000000	4.402476e-007	6.345829e-007	10.067387	0.000000	0.000000	0.000000	0.000000 
-1230.000000	522.000000	4.139609e-007	5.880841e-007	8.646072	0.000000	0.000000	0.000000	0.000000 
-1230.000000	598.000000	4.045781e-007	6.267505e-007	9.820404	0.000000	0.000000	0.000000	0.000000 
-1230.000000	674.000000	5.208052e-007	6.153713e-007	9.467046	0.000000	0.000000	0.000000	0.000000 
-1230.000000	750.000000	3.988793e-007	6.398190e-007	10.234210	0.000000	0.000000	0.000000	0.000000 
-1230.000000	826.000000	4.159456e-007	5.517891e-007	7.611782	0.000000	0.000000	0.000000	0.000000 
-1230.000000	902.000000	5.030063e-007	6.300836e-007	9.925134	0.000000	0.000000	0.000000	0.000000 
-1230.000000	978.000000	4.756188e-007	6.094864e-007	9.286843	0.000000	0.000000	0.000000	0.000000 
-1230.000000	1054.000000	5.266124e-007	6.052308e-007	9.157607	0.000000	0.000000	0.000000	0.000000 
-1230.000000	1130.000000	5.097999e-007	5.921685e-007	8.766588	0.000000	0.000000	0.000000	0.000000 
-1230.000000	1206.000000	5.099861e-007	5.884901e-007	8.658014	0.000000	0.000000	0.000000	0.000000 
-1230.000000	1282.000000	5.469717e-007	6.044308e-007	9.133414	0.000000	0.000000	0.000000	0.000000 
-1306.000000	-238.000000	4.871435e-007	6.457012e-007	10.423251	0.000000	0.000000	0.000000	0.000000 
-1306.000000	-162.000000	4.972892e-007	5.924790e-007	8.775784	0.000000	0.000000	0.000000	0.000000 
-1306.000000	-86.000000	5.513633e-007	5.632162e-007	7.930313	0.000000	0.000000	0.000000	0.000000 
-1306.000000	-10.000000	5.654038e-007	5.807406e-007	8.431492	0.000000	0.000000	0.000000	0.000000 
-1306.000000	66.000000	5.200234e-007	5.987869e-007	8.963644	0.000000	0.000000	0.000000	0.000000 
-1306.000000	142.000000	6.582083e-007	6.363844e-007	10.124627	0.000000	0.000000	0.000000	0.000000 
-1306.000000	218.000000	5.655928e-007	5.856013e-007	8.573222	0.000000	0.000000	0.000000	0.000000 
-1306.000000	294.000000	4.756545e-007	6.446919e-007	10.390690	0.000000	0.000000	0.000000	0.000000 
-1306.000000	370.000000	4.986394e-007	6.541833e-007	10.698896	0.000000	0.000000	0.000000	0.000000 
-1306.000000	446.000000	5.037677e-007	5.611332e-007	7.871761	0.000000	0.000000	0.000000	0.000000 
-1306.000000	522.000000	5.068634e-007	5.386724e-007	7.254199	0.000000	0.000000	0.000000	0.000000 
-1306.000000	598.000000	4.915245e-007	6.310213e-007	9.954696	0.000000	0.000000	0.000000	0.000000 
-1306.000000	674.000000	4.869512e-007	6.724253e-007	11.303895	0.000000	0.000000	0.000000	0.000000 
-1306.000000	750.000000	4.455368e-007	5.913964e-007	8.743743	0.000000	0.000000	0.000000	0.000000 
-1306.000000	826.000000	4.370079e-007	6.039495e-007	9.118874	0.000000	0.000000	0.000000	0.000000 
-1306.000000	902.000000	5.316405e-007	6.234877e-007	9.718422	0.000000	0.000000	0.000000	0.000000 
-1306.000000	978.000000	5.068472e-007	6.059093e-007	9.178151	0.000000	0.000000	0.000000	0.000000 
-1306.000000	1054.000000	5.369589e-007	6.190618e-007	9.580938	0.000000	0.000000	0.000000	0.000000 
-1306.000000	1130.000000	4.161745e-007	6.039520e-007	9.118949	0.000000	0.000000	0.000000	0.000000 
-1306.000000	1206.000000	5.414351e-007	6.262790e-007	9.805634	0.000000	0.000000	0.000000	0.000000 
-1306.000000	1282.000000	5.699244e-007	5.889840e-007	8.672553	0.000000	0.000000	0.000000	0.000000 
-1382.000000	-238.000000	4.653037e-007	6.518027e-007	10.621170	0.000000	0.000000	0.000000	0.000000 
-1382.000000	-162.000000	4.944977e-007	6.318085e-007	9.979549	0.000000	0.000000	0.000000	0.000000 
-1382.000000	-86.000000	5.313957e-007	5.950428e-007	8.851898	0.000000	0.000000	0.000000	0.000000 
-1382.000000	-10.000000	5.042708e-007	5.816341e-007	8.457455	0.000000	0.000000	0.000000	0.000000 
-1382.000000	66.000000	5.222108e-007	6.088349e-007	9.266999	0.000000	0.000000	0.000000	0.000000 
-1382.000000	142.000000	3.753503e-007	6.665382e-007	11.106828	0.000000	0.000000	0.000000	0.000000 
-1382.000000	218.000000	5.884211e-007	5.845866e-007	8.543538	0.000000	0.000000	0.000000	0.000000 
-1382.000000	294.000000	5.919272e-007	6.028053e-007	9.084357	0.000000	0.000000	0.000000	0.000000 
-1382.000000	370.000000	5.646168e-007	5.874724e-007	8.628094	0.000000	0.000000	0.000000	0.000000 
-1382.000000	446.000000	4.793165e-007	5.693601e-007	8.104272	0.000000	0.000000	0.000000	0.000000 
-1382.000000	522.000000	4.310442e-007	6.432047e-007	10.342808	0.000000	0.000000	0.000000	0.000000 
-1382.000000	598.000000	4.017294e-007	6.116212e-007	9.352012	0.000000	0.000000	0.000000	0.000000 
-1382.000000	674.000000	5.419682e-007	6.490365e-007	10.531209	0.000000	0.000000	0.000000	0.000000 
-1382.000000	750.000000	5.733432e-007	5.905990e-007	8.720181	0.000000	0.000000	0.000000	0.000000 
-1382.000000	826.000000	5.110450e-007	6.034832e-007	9.104801	0.000000	0.000000	0.000000	0.000000 
-1382.000000	902.000000	5.044160e-007	5.523295e-007	7.626698	0.000000	0.000000	0.000000	0.000000 
-1382.000000	978.000000	4.121031e-007	6.422135e-007	10.310955	0.000000	0.000000	0.000000	0.000000 
-1382.000000	1054.000000	4.848356e-007	5.867604e-007	8.607195	0.000000	0.000000	0.000000	0.000000 
-1382.000000	1130.000000	4.801431e-007	5.556154e-007	7.717713	0.000000	0.000000	0.000000	0.000000 
-1382.000000	1206.000000	5.560194e-007	6.243186e-007	9.744343	0.000000	0.000000	0.000000	0.000000 
-1382.000000	1282.000000	5.149054e-007	6.095447e-007	9.288617	0.000000	0.000000	0.000000	0.000000 
-1458.000000	-238.000000	5.566516e-007	5.856421e-007	8.574418	0.000000	0.000000	0.000000	0.000000 
-1458.000000	-162.000000	4.616860e-007	5.774393e-007	8.335903	0.000000	0.000000	0.000000	0.000000 
-1458.000000	-86.000000	5.138848e-007	5.948340e-007	8.845688	0.000000	0.000000	0.000000	0.000000 
-1458.000000	-10.000000	5.654340e-007	6.143482e-007	9.435592	0.000000	0.000000	0.000000	0.000000 
-1458.000000	66.000000	5.131086e-007	6.490834e-007	10.532733	0.000000	0.000000	0.000000	0.000000 
-1458.000000	142.000000	5.940765e-007	5.774294e-007	8.335619	0.000000	0.000000	0.000000	0.000000 
-1458.000000	218.000000	4.407019e-007	5.744905e-007	8.250983	0.000000	0.000000	0.000000	0.000000 
-1458.000000	294.000000	4.142442e-007	6.434444e-007	10.350517	0.000000	0.000000	0.000000	0.000000 
-1458.000000	370.000000	5.031470e-007	5.740938e-007	8.239592	0.000000	0.000000	0.000000	0.000000 
-1458.000000	446.000000	4.859492e-007	5.895604e-007	8.689536	0.000000	0.000000	0.000000	0.000000 
-1458.000000	522.000000	4.621482e-007	5.752445e-007	8.272655	0.000000	0.000000	0.000000	0.000000 
-1458.000000	598.000000	5.137567e-007	6.333711e-007	10.028972	0.000000	0.000000	0.000000	0.000000 
-1458.000000	674.000000	5.339103e-007	5.652197e-007	7.986833	0.000000	0.000000	0.000000	0.000000 
-1458.000000	750.000000	4.417325e-007	5.455905e-007	7.441724	0.000000	0.000000	0.000000	0.000000 
-1458.000000	826.000000	4.813884e-007	6.116415e-007	9.352632	0.000000	0.000000	0.000000	0.000000 
-1458.000000	902.000000	5.110814e-007	5.727419e-007	8.200831	0.000000	0.000000	0.000000	0.000000 
-1458.000000	978.000000	5.003374e-007	5.573016e-007	7.764626	0.000000	0.000000	0.000000	0.000000 
-1458.000000	1054.000000	3.956745e-007	5.832391e-007	8.504195	0.000000	0.000000	0.000000	0.000000 
-1458.000000	1130.000000	4.829319e-007	5.574002e-007	7.767375	0.000000	0.000000	0.000000	0.000000 
-1458.000000	1206.000000	5.312629e-007	5.930402e-007	8.792417	0.000000	0.000000	0.000000	0.000000 
-1458.000000	1282.000000	4.651742e-007	6.192315e-007	9.586190	0.000000	0.000000	0.000000	0.000000 
-1534.000000	-238.000000	5.328275e-007	5.714736e-007	8.164551	0.000000	0.000000	0.000000	0.000000 
-1534.000000	-162.000000	4.624313e-007	6.170225e-007	9.517918	0.000000	0.000000	0.000000	0.000000 
-1534.000000	-86.000000	4.862055e-007	6.234578e-007	9.717490	0.000000	0.000000	0.000000	0.000000 
-1534.000000	-10.000000	5.390865e-007	6.168377e-007	9.512218	0.000000	0.000000	0.000000	0.000000 
-1534.000000	66.000000	4.925341e-007	6.197251e-007	9.601479	0.000000	0.000000	0.000000	0.000000 
-1534.000000	142.000000	5.018944e-007	5.858768e-007	8.581291	0.000000	0.000000	0.000000	0.000000 
-1534.000000	218.000000	5.225380e-007	5.566699e-007	7.747036	0.000000	0.000000	0.000000	0.000000 
-1534.000000	294.000000	6.135195e-007	6.508412e-007	10.589856	0.000000	0.000000	0.000000	0.000000 
-1534.000000	370.000000	4.290461e-007	5.758694e-007	8.290640	0.000000	0.000000	0.000000	0.000000 
-1534.000000	446.000000	4.797877e-007	6.090745e-007	9.274294	0.000000	0.000000	0.000000	0.000000 
-1534.000000	522.000000	5.447348e-007	5.820719e-007	8.470193	0.000000	0.000000	0.000000	0.000000 
-1534.000000	598.000000	5.457381e-007	6.517308e-007	10.618825	0.000000	0.000000	0.000000	0.000000 
-1534.000000	674.000000	4.477688e-007	5.730487e-007	8.209621	0.000000	0.000000	0.000000	0.000000 
-1534.000000	750.000000	4.911989e-007	5.406822e-007	7.308432	0.000000	0.000000	0.000000	0.000000 
-1534.000000	826.000000	5.848910e-007	5.355935e-007	7.171511	0.000000	0.000000	0.000000	0.000000 
-1534.000000	902.000000	5.032685e-007	6.103438e-007	9.312988	0.000000	0.000000	0.000000	0.000000 
-1534.000000	978.000000	3.742902e-007	6.175839e-007	9.535247	0.000000	0.000000	0.000000	0.000000 
-1534.000000	1054.000000	4.382720e-007	6.111538e-007	9.337724	0.000000	0.000000	0.000000	0.000000 
-1534.000000	1130.000000	5.904449e-007	5.669445e-007	8.035651	0.000000	0.000000	0.000000	0.000000 
-1534.000000	1206.000000	6.070316e-007	6.439759e-007	10.367623	0.000000	0.000000	0.000000	0.000000 
-1534.000000	1282.000000	4.215998e-007	5.676480e-007	8.055605	0.000000	0.000000	0.000000	0.000000 
-1610.000000	-238.000000	4.096102e-007	6.046883e-007	9.141199	0.000000	0.000000	0.000000	0.000000 
-1610.000000	-162.000000	5.076137e-007	6.084247e-007	9.254515	0.000000	0.000000	0.000000	0.000000 
-1610.000000	-86.000000	4.569468e-007	5.407442e-007	7.310106	0.000000	0.000000	0.000000	0.000000 
-1610.000000	-10.000000	5.162711e-007	5.841937e-007	8.532056	0.000000	0.000000	0.000000	0.000000 
-1610.000000	66.000000	5.320624e-007	5.991335e-007	8.974023	0.000000	0.000000	0.000000	0.000000 
-1610.000000	142.000000	5.048148e-007	5.836620e-007	8.516534	0.000000	0.000000	0.000000	0.000000 
-1610.000000	218.000000	5.410977e-007	6.527251e-007	10.651251	0.000000	0.000000	0.000000	0.000000 
-1610.000000	294.000000	4.753707e-007	5.269873e-007	6.942891	0.000000	0.000000	0.000000	0.000000 
-1610.000000	370.000000	5.124938e-007	6.116545e-007	9.353031	0.000000	0.000000	0.000000	0.000000 
-1610.000000	446.000000	4.878553e-007	5.598137e-007	7.834784	0.000000	0.000000	0.000000	0.000000 
-1610.000000	522.000000	5.607284e-007	5.942441e-007	8.828150	0.000000	0.000000	0.000000	0.000000 
-1610.000000	598.000000	5.877661e-007	6.558680e-007	10.754071	0.000000	0.000000	0.000000	0.000000 
-1610.000000	674.000000	4.881237e-007	5.844018e-007	8.538136	0.000000	0.000000	0.000000	0.000000 
-1610.000000	750.000000	5.037789e-007	5.789878e-007	8.380671	0.000000	0.000000	0.000000	0.000000 
-1610.000000	826.000000	4.018748e-007	5.302215e-007	7.028371	0.000000	0.000000	0.000000	0.000000 
-1610.000000	902.000000	5.693872e-007	5.823747e-007	8.479006	0.000000	0.000000	0.000000	0.000000 
-1610.000000	978.000000	5.847984e-007	5.855041e-007	8.570376	0.000000	0.000000	0.000000	0.000000 
-1610.000000	1054.000000	5.655026e-007	6.016349e-007	9.049115	0.000000	0.000000	0.000000	0.000000 
-1610.000000	1130.000000	5.559488e-007	5.730110e-007	8.208540	0.000000	0.000000	0.000000	0.000000 
-1610.000000	1206.000000	5.558555e-007	6.303673e-007	9.934073	0.000000	0.000000	0.000000	0.000000 
-1610.000000	1282.000000	4.095229e-007	5.943821e-007	8.832252	0.000000	0.000000	0.000000	0.000000 
-1686.000000	-238.000000	4.384050e-007	5.694544e-007	8.106957	0.000000	0.000000	0.000000	0.000000 
-1686.000000	-162.000000	5.670453e-007	6.854565e-007	11.746264	0.000000	0.000000	0.000000	0.000000 
-1686.000000	-86.000000	4.757829e-007	6.116388e-007	9.352550	0.000000	0.000000	0.000000	0.000000 
-1686.000000	-10.000000	4.934697e-007	6.268753e-007	9.824317	0.000000	0.000000	0.000000	0.000000 
-1686.000000	66.000000	4.655035e-007	5.973920e-007	8.921931	0.000000	0.000000	0.000000	0.000000 
-1686.000000	142.000000	5.312582e-007	5.953700e-007	8.861635	0.000000	0.000000	0.000000	0.000000 
-1686.000000	218.000000	5.282514e-007	6.334455e-007	10.031329	0.000000	0.000000	0.000000	0.000000 
-1686.000000	294.000000	4.354892e-007	5.983303e-007	8.949978	0.000000	0.000000	0.000000	0.000000 
-1686.000000	370.000000	3.834410e-007	6.438967e-007	10.365073	0.000000	0.000000	0.000000	0.000000 
-1686.000000	446.000000	5.561882e-007	5.543793e-007	7.683411	0.000000	0.000000	0.000000	0.000000 
-1686.000000	522.000000	5.346949e-007	5.735547e-007	8.224125	0.000000	0.000000	0.000000	0.000000 
-1686.000000	598.000000	5.081554e-007	5.741956e-007	8.242516	0.000000	0.000000	0.000000	0.000000 
-1686.000000	674.000000	4.835378e-007	6.198151e-007	9.604268	0.000000	0.000000	0.000000	0.000000 
-1686.000000	750.000000	4.774219e-007	6.280694e-007	9.861780	0.000000	0.000000	0.000000	0.000000 
-1686.000000	826.000000	3.821463e-007	6.054218e-007	9.163388	0.000000	0.000000	0.000000	0.000000 
-1686.000000	902.000000	5.154873e-007	5.628713e-007	7.920603	0.000000	0.000000	0.000000	0.000000 
-1686.000000	978.000000	4.895201e-007	6.013506e-007	9.040563	0.000000	0.000000	0.000000	0.000000 
-1686.000000	1054.000000	5.482961e-007	5.894881e-007	8.687407	0.000000	0.000000	0.000000	0.000000 
-1686.000000	1130.000000	5.505138e-007	6.172366e-007	9.524525	0.000000	0.000000	0.000000	0.000000 
-1686.000000	1206.000000	3.913697e-007	6.268464e-007	9.823411	0.000000	0.000000	0.000000	0.000000 
-1686.000000	1282.000000	4.265881e-007	5.766693e-007	8.313686	0.000000	0.000000	0.000000	0.000000 
-1762.000000	-238.000000	5.653537e-007	5.764654e-007	8.307808	0.000000	0.000000	0.000000	0.000000 
-1762.000000	-162.000000	5.860450e-007	6.403010e-007	10.249634	0.000000	0.000000	0.000000	0.000000 
-1762.000000	-86.000000	3.840288e-007	5.993365e-007	8.980107	0.000000	0.000000	0.000000	0.000000 
-1762.000000	-10.000000	5.710732e-007	5.918144e-007	8.756107	0.000000	0.000000	0.000000	0.000000 
-1762.000000	66.000000	5.262729e-007	5.781652e-007	8.356875	0.000000	0.000000	0.000000	0.000000 
-1762.000000	142.000000	4.649586e-007	5.575709e-007	7.772133	0.000000	0.000000	0.000000	0.000000 
-1762.000000	218.000000	5.162515e-007	6.326890e-007	10.007384	0.000000	0.000000	0.000000	0.000000 
-1762.000000	294.000000	4.866192e-007	6.154613e-007	9.469816	0.000000	0.000000	0.000000	0.000000 
-1762.000000	370.000000	5.208610e-007	6.010058e-007	9.030200	0.000000	0.000000	0.000000	0.000000 
-1762.000000	446.000000	5.093745e-007	5.897889e-007	8.696274	0.000000	0.000000	0.000000	0.000000 
-1762.000000	522.000000	5.853922e-007	6.308052e-007	9.947881	0.000000	0.000000	0.000000	0.000000 
-1762.000000	598.000000	5.061892e-007	6.468536e-007	10.460490	0.000000	0.000000	0.000000	0.000000 
-1762.000000	674.000000	4.427754e-007	6.553553e-007	10.737263	0.000000	0.000000	0.000000	0.000000 
-1762.000000	750.000000	5.003861e-007	6.227746e-007	9.696204	0.000000	0.000000	0.000000	0.000000 
-1762.000000	826.000000	4.585840e-007	6.393160e-007	10.218125	0.000000	0.000000	0.000000	0.000000 
-1762.000000	902.000000	4.623562e-007	5.659945e-007	8.008743	0.000000	0.000000	0.000000	0.000000 
-1762.000000	978.000000	4.479516e-007	6.106039e-007	9.320927	0.000000	0.000000	0.000000	0.000000 
-1762.000000	1054.000000	4.950370e-007	5.793851e-007	8.392178	0.000000	0.000000	0.000000	0.000000 
-1762.000000	1130.000000	5.652508e-007	5.854107e-007	8.567642	0.000000	0.000000	0.000000	0.000000 
-1762.000000	1206.000000	5.057777e-007	5.677735e-007	8.059170	0.000000	0.000000	0.000000	0.000000 
-1762.000000	1282.000000	4.976975e-007	5.785777e-007	8.368805	0.000000	0.000000	0.000000	0.000000 
-1838.000000	-238.000000	4.197111e-007	5.554116e-007	7.712051	0.000000	0.000000	0.000000	0.000000 
-1838.000000	-162.000000	4.848557e-007	5.990447e-007	8.971365	0.000000	0.000000	0.000000	0.000000 
-1838.000000	-86.000000	5.500870e-007	5.391565e-007	7.267243	0.000000	0.000000	0.000000	0.000000 
-1838.000000	-10.000000	4.651031e-007	6.075237e-007	9.227126	0.000000	0.000000	0.000000	0.000000 
-1838.000000	66.000000	4.711463e-007	6.049620e-007	9.149474	0.000000	0.000000	0.000000	0.000000 
-1838.000000	142.000000	4.794756e-007	5.856628e-007	8.575022	0.000000	0.000000	0.000000	0.000000 
-1838.000000	218.000000	4.833870e-007	6.258985e-007	9.793723	0.000000	0.000000	0.000000	0.000000 
-1838.000000	294.000000	5.458647e-007	5.566970e-007	7.747789	0.000000	0.000000	0.000000	0.000000 
-1838.000000	370.000000	5.106501e-007	6.297089e-007	9.913331	0.000000	0.000000	0.000000	0.000000 
-1838.000000	446.000000	5.562579e-007	5.561297e-007	7.732006	0.000000	0.000000	0.000000	0.000000 
-1838.000000	522.000000	4.892565e-007	5.681812e-007	8.070746	0.000000	0.000000	0.000000	0.000000 
-1838.000000	598.000000	4.473582e-007	6.261383e-007	9.801228	0.000000	0.000000	0.000000	0.000000 
-1838.000000	674.000000	5.565270e-007	5.858977e-007	8.581902	0.000000	0.000000	0.000000	0.000000 
-1838.000000	750.000000	5.006538e-007	5.717006e-007	8.171040	0.000000	0.000000	0.000000	0.000000 
-1838.000000	826.000000	4.957878e-007	6.027230e-007	9.081875	0.000000	0.000000	0.000000	0.000000 
-1838.000000	902.000000	4.514633e-007	6.032964e-007	9.099164	0.000000	0.000000	0.000000	0.000000 
-1838.000000	978.000000	4.995914e-007	5.287919e-007	6.990521	0.000000	0.000000	0.000000	0.000000 
-1838.000000	1054.000000	4.862822e-007	5.848082e-007	8.550017	0.000000	0.000000	0.000000	0.000000 
-1838.000000	1130.000000	4.373216e-007	6.230056e-007	9.703400	0.000000	0.000000	0.000000	0.000000 
-1838.000000	1206.000000	4.642190e-007	5.614912e-007	7.881809	0.000000	0.000000	0.000000	0.000000 
-1838.000000	1282.000000	4.656735e-007	5.664768e-007	8.022399	0.000000	0.000000	0.000000	0.000000 
-1914.000000	-238.000000	4.854090e-007	5.401456e-007	7.293931	0.000000	0.000000	0.000000	0.000000 
-1914.000000	-162.000000	6.034926e-007	5.890741e-007	8.675207	0.000000	0.000000	0.000000	0.000000 
-1914.000000	-86.000000	5.011467e-007	5.918097e-007	8.755969	0.000000	0.000000	0.000000	0.000000 
-1914.000000	-10.000000	4.852718e-007	6.457638e-007	10.425273	0.000000	0.000000	0.000000	0.000000 
-1914.000000	66.000000	4.991257e-007	6.041365e-007	9.124522	0.000000	0.000000	0.000000	0.000000 
-1914.000000	142.000000	4.876472e-007	5.731941e-007	8.213788	0.000000	0.000000	0.000000	0.000000 
-1914.000000	218.000000	5.157153e-007	6.108779e-007	9.329294	0.000000	0.000000	0.000000	0.000000 
-1914.000000	294.000000	5.329432e-007	6.262953e-007	9.806147	0.000000	0.000000	0.000000	0.000000 
-1914.000000	370.000000	5.629865e-007	6.048359e-007	9.145662	0.000000	0.000000	0.000000	0.000000 
-1914.000000	446.000000	4.795757e-007	5.733230e-007	8.217483	0.000000	0.000000	0.000000	0.000000 
-1914.000000	522.000000	4.877666e-007	5.875945e-007	8.631682	0.000000	0.000000	0.000000	0.000000 
-1914.000000	598.000000	5.801750e-007	6.422007e-007	10.310542	0.000000	0.000000	0.000000	0.000000 
-1914.000000	674.000000	3.262571e-007	6.288252e-007	9.885529	0.000000	0.000000	0.000000	0.000000 
-1914.000000	750.000000	5.170609e-007	5.971568e-007	8.914907	0.000000	0.000000	0.000000	0.000000 
-1914.000000	826.000000	4.787278e-007	6.201619e-007	9.615020	0.000000	0.000000	0.000000	0.000000 
-1914.000000	902.000000	5.020391e-007	4.908192e-007	6.022588	0.000000	0.000000	0.000000	0.000000 
-1914.000000	978.000000	4.519034e-007	5.889320e-007	8.671022	0.000000	0.000000	0.000000	0.000000 
-1914.000000	1054.000000	4.551640e-007	5.763876e-007	8.305566	0.000000	0.000000	0.000000	0.000000 
-1914.000000	1130.000000	4.663372e-007	6.363700e-007	10.124169	0.000000	0.000000	0.000000	0.000000 
-1914.000000	1206.000000	5.369567e-007	6.040734e-007	9.122618	0.000000	0.000000	0.000000	0.000000 
-1914.000000	1282.000000	6.317148e-007	5.186911e-007	6.726010	0.000000	0.000000	0.000000	0.000000 
-1990.000000	-238.000000	6.025502e-007	6.291238e-007	9.894918	0.000000	0.000000	0.000000	0.000000 
-1990.000000	-162.000000	4.743295e-007	5.893910e-007	8.684544	0.000000	0.000000	0.000000	0.000000 
-1990.000000	-86.000000	4.346212e-007	5.914450e-007	8.745179	0.000000	0.000000	0.000000	0.000000 
-1990.000000	-10.000000	4.382947e-007	5.667689e-007	8.030674	0.000000	0.000000	0.000000	0.000000 
-1990.000000	66.000000	5.800799e-007	6.236271e-007	9.722769	0.000000	0.000000	0.000000	0.000000 
-1990.000000	142.000000	4.089494e-007	5.890448e-007	8.674343	0.000000	0.000000	0.000000	0.000000 
-1990.000000	218.000000	5.838935e-007	6.013987e-007	9.042010	0.000000	0.000000	0.000000	0.000000 
-1990.000000	294.000000	4.656963e-007	5.925862e-007	8.778961	0.000000	0.000000	0.000000	0.000000 
-1990.000000	370.000000	5.757236e-007	6.294042e-007	9.903741	0.000000	0.000000	0.000000	0.000000 
-1990.000000	446.000000	4.397089e-007	6.678860e-007	11.151793	0.000000	0.000000	0.000000	0.000000 
-1990.000000	522.000000	5.548858e-007	5.866358e-007	8.603538	0.000000	0.000000	0.000000	0.000000 
-1990.000000	598.000000	4.125257e-007	5.760425e-007	8.295625	0.000000	0.000000	0.000000	0.000000 
-1990.000000	674.000000	6.110413e-007	5.571489e-007	7.760372	0.000000	0.000000	0.000000	0.000000 
-1990.000000	750.000000	4.739650e-007	5.766408e-007	8.312864	0.000000	0.000000	0.000000	0.000000 
-1990.000000	826.000000	6.494340e-007	5.748658e-007	8.261768	0.000000	0.000000	0.000000	0.000000 
-1990.000000	902.000000	3.982307e-007	6.365308e-007	10.129287	0.000000	0.000000	0.000000	0.000000 
-1990.000000	978.000000	5.512534e-007	5.885278e-007	8.659123	0.000000	0.000000	0.000000	0.000000 
-1990.000000	1054.000000	5.518643e-007	5.533005e-007	7.653537	0.000000	0.000000	0.000000	0.000000 
-1990.000000	1130.000000	4.818329e-007	6.294030e-007	9.903705	0.000000	0.000000	0.000000	0.000000 
-1990.000000	1206.000000	4.973366e-007	6.124771e-007	9.378204	0.000000	0.000000	0.000000	0.000000 
-1990.000000	1282.000000	4.901614e-007	5.815791e-007	8.455855	0.000000	0.000000	0.000000	0.000000 
-2066.000000	-238.000000	5.298057e-007	6.053791e-007	9.162095	0.000000	0.000000	0.000000	0.000000 
-2066.000000	-162.000000	5.080683e-007	6.403595e-007	10.251508	0.000000	0.000000	0.000000	0.000000 
-2066.000000	-86.000000	5.093567e-007	6.255655e-007	9.783304	0.000000	0.000000	0.000000	0.000000 
-2066.000000	-10.000000	4.554162e-007	5.250311e-007	6.891441	0.000000	0.000000	0.000000	0.000000 
-2066.000000	66.000000	4.794472e-007	6.134658e-007	9.408508	0.000000	0.000000	0.000000	0.000000 
-2066.000000	142.000000	5.436462e-007	5.997749e-007	8.993248	0.000000	0.000000	0.000000	0.000000 
-2066.000000	218.000000	5.159362e-007	5.835580e-007	8.513497	0.000000	0.000000	0.000000	0.000000 
-2066.000000	294.000000	5.162658e-007	5.236332e-007	6.854794	0.000000	0.000000	0.000000	0.000000 
-2066.000000	370.000000	5.124329e-007	5.794687e-007	8.394601	0.000000	0.000000	0.000000	0.000000 
-2066.000000	446.000000	5.603957e-007	5.596065e-007	7.828987	0.000000	0.000000	0.000000	0.000000 
-2066.000000	522.000000	5.221560e-007	6.170260e-007	9.518027	0.000000	0.000000	0.000000	0.000000 
-2066.000000	598.000000	5.125018e-007	6.035980e-007	9.108264	0.000000	0.000000	0.000000	0.000000 
-2066.000000	674.000000	6.072961e-007	6.231425e-007	9.707665	0.000000	0.000000	0.000000	0.000000 
-2066.000000	750.000000	4.899615e-007	6.026779e-007	9.080517	0.000000	0.000000	0.000000	0.000000 
-2066.000000	826.000000	4.950930e-007	5.649898e-007	7.980338	0.000000	0.000000	0.000000	0.000000 
-2066.000000	902.000000	4.993964e-007	4.801398e-007	5.763356	0.000000	0.000000	0.000000	0.000000 
-2066.000000	978.000000	4.620997e-007	6.066921e-007	9.201883	0.000000	0.000000	0.000000	0.000000 
-2066.000000	1054.000000	4.253393e-007	6.094134e-007	9.284616	0.000000	0.000000	0.000000	0.000000 
-2066.000000	1130.000000	4.521044e-007	6.099205e-007	9.300076	0.000000	0.000000	0.000000	0.000000 
-2066.000000	1206.000000	4.974116e-007	5.697499e-007	8.115374	0.000000	0.000000	0.000000	0.000000 
-2066.000000	1282.000000	4.778846e-007	5.521819e-007	7.622621	0.000000	0.000000	0.000000	0.000000 
-2142.000000	-238.000000	5.724522e-007	5.968740e-007	8.906464	0.000000	0.000000	0.000000	0.000000 
-2142.000000	-162.000000	4.306843e-007	5.746094e-007	8.254398	0.000000	0.000000	0.000000	0.000000 
-2142.000000	-86.000000	5.874405e-007	5.450692e-007	7.427510	0.000000	0.000000	0.000000	0.000000 
-2142.000000	-10.000000	4.944600e-007	5.745552e-007	8.252841	0.000000	0.000000	0.000000	0.000000 
-2142.000000	66.000000	4.660763e-007	6.456667e-007	10.422138	0.000000	0.000000	0.000000	0.000000 
-2142.000000	142.000000	5.338545e-007	6.335514e-007	10.034684	0.000000	0.000000	0.000000	0.000000 
-2142.000000	218.000000	4.818529e-007	5.949887e-007	8.850287	0.000000	0.000000	0.000000	0.000000 
-2142.000000	294.000000	5.235934e-007	5.811682e-007	8.443911	0.000000	0.000000	0.000000	0.000000 
-2142.000000	370.000000	4.905188e-007	5.795170e-007	8.395999	0.000000	0.000000	0.000000	0.000000 
-2142.000000	446.000000	5.057707e-007	5.471690e-007	7.484848	0.000000	0.000000	0.000000	0.000000 
-2142.000000	522.000000	5.019776e-007	6.074437e-007	9.224697	0.000000	0.000000	0.000000	0.000000 
-2142.000000	598.000000	5.418311e-007	6.178621e-007	9.543840	0.000000	0.000000	0.000000	0.000000 
-2142.000000	674.000000	5.749244e-007	5.835676e-007	8.513779	0.000000	0.000000	0.000000	0.000000 
-2142.000000	750.000000	5.550450e-007	6.346042e-007	10.068062	0.000000	0.000000	0.000000	0.000000 
-2142.000000	826.000000	4.888153e-007	5.892553e-007	8.680544	0.000000	0.000000	0.000000	0.000000 
-2142.000000	902.000000	5.302237e-007	6.046203e-007	9.139142	0.000000	0.000000	0.000000	0.000000 
-2142.000000	978.000000	6.159030e-007	5.377731e-007	7.229997	0.000000	0.000000	0.000000	0.000000 
-2142.000000	1054.000000	4.533713e-007	5.882922e-007	8.652192	0.000000	0.000000	0.000000	0.000000 
-2142.000000	1130.000000	4.369110e-007	5.449606e-007	7.424552	0.000000	0.000000	0.000000	0.000000 
-2142.000000	1206.000000	4.016246e-007	6.088678e-007	9.267998	0.000000	0.000000	0.000000	0.000000 
-2142.000000	1282.000000	4.292724e-007	6.569005e-007	10.787955	0.000000	0.000000	0.000000	0.000000 
-2218.000000	-238.000000	5.469806e-007	6.118940e-007	9.360355	0.000000	0.000000	0.000000	0.000000 
-2218.000000	-162.000000	5.660879e-007	5.792296e-007	8.387673	0.000000	0.000000	0.000000	0.000000 
-2218.000000	-86.000000	4.367074e-007	6.106440e-007	9.322152	0.000000	0.000000	0.000000	0.000000 
-2218.000000	-10.000000	4.821027e-007	6.011052e-007	9.033186	0.000000	0.000000	0.000000	0.000000 
-2218.000000	66.000000	3.790686e-007	6.056290e-007	9.169662	0.000000	0.000000	0.000000	0.000000 
-2218.000000	142.000000	4.851771e-007	6.067350e-007	9.203183	0.000000	0.000000	0.000000	0.000000 
-2218.000000	218.000000	4.599109e-007	5.732346e-007	8.214948	0.000000	0.000000	0.000000	0.000000 
-2218.000000	294.000000	4.333305e-007	5.883109e-007	8.652742	0.000000	0.000000	0.000000	0.000000 
-2218.000000	370.000000	4.514278e-007	5.676955e-007	8.056953	0.000000	0.000000	0.000000	0.000000 
-2218.000000	446.000000	5.409181e-007	6.397560e-007	10.232194	0.000000	0.000000	0.000000	0.000000 
-2218.000000	522.000000	4.787909e-007	6.388356e-007	10.202772	0.000000	0.000000	0.000000	0.000000 
-2218.000000	598.000000	4.358715e-007	6.294934e-007	9.906548	0.000000	0.000000	0.000000	0.000000 
-2218.000000	674.000000	5.216961e-007	5.038713e-007	6.347157	0.000000	0.000000	0.000000	0.000000 
-2218.000000	750.000000	5.625184e-007	6.159348e-007	9.484393	0.000000	0.000000	0.000000	0.000000 
-2218.000000	826.000000	5.161624e-007	6.120903e-007	9.366362	0.000000	0.000000	0.000000	0.000000 
-2218.000000	902.000000	5.824631e-007	6.223276e-007	9.682290	0.000000	0.000000	0.000000	0.000000 
-2218.000000	978.000000	5.521224e-007	5.521655e-007	7.622168	0.000000	0.000000	0.000000	0.000000 
-2218.000000	1054.000000	6.642489e-007	5.668110e-007	8.031869	0.000000	0.000000	0.000000	0.000000 
-2218.000000	1130.000000	6.117176e-007	5.960385e-007	8.881547	0.000000	0.000000	0.000000	0.000000 
-2218.000000	1206.000000	5.323216e-007	5.728486e-007	8.203888	0.000000	0.000000	0.000000	0.000000 
-2218.000000	1282.000000	5.764701e-007	6.256040e-007	9.784508	0.000000	0.000000	0.000000	0.000000 
-2294.000000	-238.000000	5.569307e-007	6.093388e-007	9.282344	0.000000	0.000000	0.000000	0.000000 
-2294.000000	-162.000000	5.778253e-007	6.104987e-007	9.317716	0.000000	0.000000	0.000000	0.000000 
-2294.000000	-86.000000	5.496987e-007	5.347999e-007	7.150272	0.000000	0.000000	0.000000	0.000000 
-2294.000000	-10.000000	4.881419e-007	5.897409e-007	8.694859	0.000000	0.000000	0.000000	0.000000 
-2294.000000	66.000000	5.509739e-007	6.694057e-007	11.202600	0.000000	0.000000	0.000000	0.000000 
-2294.000000	142.000000	5.313756e-007	6.394951e-007	10.223849	0.000000	0.000000	0.000000	0.000000 
-2294.000000	218.000000	4.569102e-007	6.033520e-007	9.100840	0.000000	0.000000	0.000000	0.000000 
-2294.000000	294.000000	4.481845e-007	5.863001e-007	8.593694	0.000000	0.000000	0.000000	0.000000 
-2294.000000	370.000000	4.540757e-007	5.804360e-007	8.422650	0.000000	0.000000	0.000000	0.000000 
-2294.000000	446.000000	5.570007e-007	5.985320e-007	8.956013	0.000000	0.000000	0.000000	0.000000 
-2294.000000	522.000000	5.824007e-007	5.921635e-007	8.766439	0.000000	0.000000	0.000000	0.000000 
-2294.000000	598.000000	5.315635e-007	5.801573e-007	8.414562	0.000000	0.000000	0.000000	0.000000 
-2294.000000	674.000000	5.495059e-007	6.341185e-007	10.052657	0.000000	0.000000	0.000000	0.000000 
-2294.000000	750.000000	6.042122e-007	5.911331e-007	8.735959	0.000000	0.000000	0.000000	0.000000 
-2294.000000	826.000000	5.573535e-007	6.572426e-007	10.799196	0.000000	0.000000	0.000000	0.000000 
-2294.000000	902.000000	3.547761e-007	6.726432e-007	11.311222	0.000000	0.000000	0.000000	0.000000 
-2294.000000	978.000000	4.227270e-007	5.905784e-007	8.719571	0.000000	0.000000	0.000000	0.000000 
-2294.000000	1054.000000	4.940068e-007	6.484938e-007	10.513604	0.000000	0.000000	0.000000	0.000000 
-2294.000000	1130.000000	4.523649e-007	6.475763e-007	10.483878	0.000000	0.000000	0.000000	0.000000 
-2294.000000	1206.000000	5.325914e-007	6.120509e-007	9.365158	0.000000	0.000000	0.000000	0.000000 
-2294.000000	1282.000000	5.566152e-007	6.372485e-007	10.152140	0.000000	0.000000	0.000000	0.000000 
-2370.000000	-238.000000	4.702745e-007	5.704849e-007	8.136326	0.000000	0.000000	0.000000	0.000000 
-2370.000000	-162.000000	5.261867e-007	6.132274e-007	9.401195	0.000000	0.000000	0.000000	0.000000 
-2370.000000	-86.000000	5.012513e-007	6.291909e-007	9.897028	0.000000	0.000000	0.000000	0.000000 
-2370.000000	-10.000000	5.044548e-007	5.380841e-007	7.238362	0.000000	0.000000	0.000000	0.000000 
-2370.000000	66.000000	5.327596e-007	6.201923e-007	9.615961	0.000000	0.000000	0.000000	0.000000 
-2370.000000	142.000000	5.031775e-007	6.041818e-007	9.125890	0.000000	0.000000	0.000000	0.000000 
-2370.000000	218.000000	4.951267e-007	6.086316e-007	9.260810	0.000000	0.000000	0.000000	0.000000 
-2370.000000	294.000000	4.097774e-007	6.057267e-007	9.172621	0.000000	0.000000	0.000000	0.000000 
-2370.000000	370.000000	5.109411e-007	6.106008e-007	9.320832	0.000000	0.000000	0.000000	0.000000 
-2370.000000	446.000000	5.400409e-007	6.287338e-007	9.882653	0.000000	0.000000	0.000000	0.000000 
-2370.000000	522.000000	4.695387e-007	5.630653e-007	7.926062	0.000000	0.000000	0.000000	0.000000 
-2370.000000	598.000000	4.951839e-007	5.822577e-007	8.475602	0.000000	0.000000	0.000000	0.000000 
-2370.000000	674.000000	5.336606e-007	6.452895e-007	10.409963	0.000000	0.000000	0.000000	0.000000 
-2370.000000	750.000000	5.482459e-007	6.202836e-007	9.618795	0.000000	0.000000	0.000000	0.000000 
-2370.000000	826.000000	5.822107e-007	5.946780e-007	8.841048	0.000000	0.000000	0.000000	0.000000 
-2370.000000	902.000000	5.386025e-007	6.075001e-007	9.226410	0.000000	0.000000	0.000000	0.000000 
-2370.000000	978.000000	5.706879e-007	5.868715e-007	8.610455	0.000000	0.000000	0.000000	0.000000 
-2370.000000	1054.000000	5.335346e-007	5.721340e-007	8.183434	0.000000	0.000000	0.000000	0.000000 
-2370.000000	1130.000000	5.151737e-007	6.155541e-007	9.472670	0.000000	0.000000	0.000000	0.000000 
-2370.000000	1206.000000	5.945597e-007	6.079022e-007	9.238627	0.000000	0.000000	0.000000	0.000000 
-2370.000000	1282.000000	4.496485e-007	5.640669e-007	7.954286	0.000000	0.000000	0.000000	0.000000 
-2446.000000	-238.000000	5.204108e-007	6.042198e-007	9.127038	0.000000	0.000000	0.000000	0.000000 
-2446.000000	-162.000000	4.246406e-007	5.940022e-007	8.820965	0.000000	0.000000	0.000000	0.000000 
-2446.000000	-86.000000	5.144197e-007	5.699186e-007	8.120180	0.000000	0.000000	0.000000	0.000000 
-2446.000000	-10.000000	5.744825e-007	6.539471e-007	10.691171	0.000000	0.000000	0.000000	0.000000 
-2446.000000	66.000000	4.958799e-007	6.341963e-007	10.055124	0.000000	0.000000	0.000000	0.000000 
-2446.000000	142.000000	4.568088e-007	6.507215e-007	10.585963	0.000000	0.000000	0.000000	0.000000 
-2446.000000	218.000000	5.156685e-007	6.423344e-007	10.314837	0.000000	0.000000	0.000000	0.000000 
-2446.000000	294.000000	5.656871e-007	6.255235e-007	9.781991	0.000000	0.000000	0.000000	0.000000 
-2446.000000	370.000000	5.275385e-007	5.486068e-007	7.524236	0.000000	0.000000	0.000000	0.000000 
-2446.000000	446.000000	5.290300e-007	5.609221e-007	7.865839	0.000000	0.000000	0.000000	0.000000 
-2446.000000	522.000000	5.396663e-007	6.281680e-007	9.864874	0.000000	0.000000	0.000000	0.000000 
-2446.000000	598.000000	5.068514e-007	6.447006e-007	10.390973	0.000000	0.000000	0.000000	0.000000 
-2446.000000	674.000000	4.904005e-007	6.411151e-007	10.275715	0.000000	0.000000	0.000000	0.000000 
-2446.000000	750.000000	4.923972e-007	6.487627e-007	10.522326	0.000000	0.000000	0.000000	0.000000 
-2446.000000	826.000000	5.534933e-007	5.590438e-007	7.813248	0.000000	0.000000	0.000000	0.000000 
-2446.000000	902.000000	5.833428e-007	6.146218e-007	9.444000	0.000000	0.000000	0.000000	0.000000 
-2446.000000	978.000000	5.429352e-007	5.827540e-007	8.490057	0.000000	0.000000	0.000000	0.000000 
-2446.000000	1054.000000	5.570159e-007	6.388382e-007	10.202856	0.000000	0.000000	0.000000	0.000000 
-2446.000000	1130.000000	4.072740e-007	5.758082e-007	8.288876	0.000000	0.000000	0.000000	0.000000 
-2446.000000	1206.000000	5.010126e-007	6.261037e-007	9.800147	0.000000	0.000000	0.000000	0.000000 
-2446.000000	1282.000000	5.266458e-007	6.176005e-007	9.535761	0.000000	0.000000	0.000000	0.000000 
-2522.000000	-238.000000	5.277292e-007	6.291820e-007	9.896749	0.000000	0.000000	0.000000	0.000000 
-2522.000000	-162.000000	6.217532e-007	6.328898e-007	10.013737	0.000000	0.000000	0.000000	0.000000 
-2522.000000	-86.000000	4.675882e-007	5.799205e-007	8.407694	0.000000	0.000000	0.000000	0.000000 
-2522.000000	-10.000000	5.615312e-007	5.963558e-007	8.891005	0.000000	0.000000	0.000000	0.000000 
-2522.000000	66.000000	5.778925e-007	5.920025e-007	8.761675	0.000000	0.000000	0.000000	0.000000 
-2522.000000	142.000000	5.783842e-007	5.983985e-007	8.952018	0.000000	0.000000	0.000000	0.000000 
-2522.000000	218.000000	5.157671e-007	6.290116e-007	9.891390	0.000000	0.000000	0.000000	0.000000 
-2522.000000	294.000000	5.524666e-007	5.590035e-007	7.812122	0.000000	0.000000	0.000000	0.000000 
-2522.000000	370.000000	4.486372e-007	6.346151e-007	10.068408	0.000000	0.000000	0.000000	0.000000 
-2522.000000	446.000000	5.429187e-007	6.226083e-007	9.691026	0.000000	0.000000	0.000000	0.000000 
-2522.000000	522.000000	5.036139e-007	5.847659e-007	8.548779	0.000000	0.000000	0.000000	0.000000 
-2522.000000	598.000000	4.256520e-007	5.459607e-007	7.451828	0.000000	0.000000	0.000000	0.000000 
-2522.000000	674.000000	4.730381e-007	5.678265e-007	8.060674	0.000000	0.000000	0.000000	0.000000 
-2522.000000	750.000000	4.827498e-007	6.258018e-007	9.790697	0.000000	0.000000	0.000000	0.000000 
-2522.000000	826.000000	4.643492e-007	6.164335e-007	9.499755	0.000000	0.000000	0.000000	0.000000 
-2522.000000	902.000000	5.539003e-007	5.784737e-007	8.365795	0.000000	0.000000	0.000000	0.000000 
-2522.000000	978.000000	4.807856e-007	6.128880e-007	9.390793	0.000000	0.000000	0.000000	0.000000 
-2522.000000	1054.000000	5.407220e-007	6.435988e-007	10.355484	0.000000	0.000000	0.000000	0.000000 
-2522.000000	1130.000000	4.820458e-007	6.434066e-007	10.349303	0.000000	0.000000	0.000000	0.000000 
-2522.000000	1206.000000	4.483714e-007	5.232315e-007	6.844281	0.000000	0.000000	0.000000	0.000000 
-2522.000000	1282.000000	5.059975e-007	6.203764e-007	9.621673	0.000000	0.000000	0.000000	0.000000 
-2598.000000	-238.000000	5.123344e-007	5.986620e-007	8.959905	0.000000	0.000000	0.000000	0.000000 
-2598.000000	-162.000000	4.711974e-007	5.184528e-007	6.719833	0.000000	0.000000	0.000000	0.000000 
-2598.000000	-86.000000	4.893423e-007	5.695005e-007	8.108269	0.000000	0.000000	0.000000	0.000000 
-2598.000000	-10.000000	4.587483e-007	5.587899e-007	7.806153	0.000000	0.000000	0.000000	0.000000 
-2598.000000	66.000000	4.198518e-007	5.729270e-007	8.206133	0.000000	0.000000	0.000000	0.000000 
-2598.000000	142.000000	4.233939e-007	6.564641e-007	10.773628	0.000000	0.000000	0.000000	0.000000 
-2598.000000	218.000000	5.461811e-007	5.974290e-007	8.923036	0.000000	0.000000	0.000000	0.000000 
-2598.000000	294.000000	4.941692e-007	6.295500e-007	9.908330	0.000000	0.000000	0.000000	0.000000 
-2598.000000	370.000000	4.307133e-007	5.997320e-007	8.991962	0.000000	0.000000	0.000000	0.000000 
-2598.000000	446.000000	4.701144e-007	5.860968e-007	8.587735	0.000000	0.000000	0.000000	0.000000 
-2598.000000	522.000000	5.499575e-007	5.308428e-007	7.044851	0.000000	0.000000	0.000000	0.000000 
-2598.000000	598.000000	5.903632e-007	6.081387e-007	9.245818	0.000000	0.000000	0.000000	0.000000 
-2598.000000	674.000000	4.856959e-007	6.549383e-007	10.723605	0.000000	0.000000	0.000000	0.000000 
-2598.000000	750.000000	5.468296e-007	6.085031e-007	9.256901	0.000000	0.000000	0.000000	0.000000 
-2598.000000	826.000000	6.003661e-007	5.879371e-007	8.641750	0.000000	0.000000	0.000000	0.000000 
-2598.000000	902.000000	4.323930e-007	6.199033e-007	9.607004	0.000000	0.000000	0.000000	0.000000 
-2598.000000	978.000000	5.470260e-007	6.026692e-007	9.080255	0.000000	0.000000	0.000000	0.000000 
-2598.000000	1054.000000	3.951151e-007	5.474034e-007	7.491263	0.000000	0.000000	0.000000	0.000000 
-2598.000000	1130.000000	5.076840e-007	6.115802e-007	9.350758	0.000000	0.000000	0.000000	0.000000 
-2598.000000	1206.000000	5.726901e-007	6.662952e-007	11.098732	0.000000	0.000000	0.000000	0.000000 
-2598.000000	1282.000000	5.905470e-007	5.813989e-007	8.450618	0.000000	0.000000	0.000000	0.000000 
-2674.000000	-238.000000	5.240839e-007	5.779315e-007	8.350120	0.000000	0.000000	0.000000	0.000000 
-2674.000000	-162.000000	5.090807e-007	6.486386e-007	10.518301	0.000000	0.000000	0.000000	0.000000 
-2674.000000	-86.000000	4.646469e-007	5.677193e-007	8.057630	0.000000	0.000000	0.000000	0.000000 
-2674.000000	-10.000000	5.076793e-007	5.772630e-007	8.330815	0.000000	0.000000	0.000000	0.000000 
-2674.000000	66.000000	5.104995e-007	5.761719e-007	8.299352	0.000000	0.000000	0.000000	0.000000 
-2674.000000	142.000000	5.126115e-007	6.108231e-007	9.327620	0.000000	0.000000	0.000000	0.000000 
-2674.000000	218.000000	5.328754e-007	5.735395e-007	8.223690	0.000000	0.000000	0.000000	0.000000 
-2674.000000	294.000000	4.135905e-007	6.597479e-007	10.881681	0.000000	0.000000	0.000000	0.000000 
-2674.000000	370.000000	5.011112e-007	5.557155e-007	7.720492	0.000000	0.000000	0.000000	0.000000 
-2674.000000	446.000000	4.856882e-007	5.709491e-007	8.149573	0.000000	0.000000	0.000000	0.000000 
-2674.000000	522.000000	5.132404e-007	5.806563e-007	8.429045	0.000000	0.000000	0.000000	0.000000 
-2674.000000	598.000000	5.459011e-007	5.416592e-007	7.334866	0.000000	0.000000	0.000000	0.000000 
-2674.000000	674.000000	5.469996e-007	5.964941e-007	8.895132	0.000000	0.000000	0.000000	0.000000 
-2674.000000	750.000000	5.215561e-007	5.933358e-007	8.801184	0.000000	0.000000	0.000000	0.000000 
-2674.000000	826.000000	5.094346e-007	6.152583e-007	9.463569	0.000000	0.000000	0.000000	0.000000 
-2674.000000	902.000000	5.324120e-007	6.208961e-007	9.637800	0.000000	0.000000	0.000000	0.000000 
-2674.000000	978.000000	4.297016e-007	5.951337e-007	8.854603	0.000000	0.000000	0.000000	0.000000 
-2674.000000	1054.000000	4.659859e-007	6.571097e-007	10.794829	0.000000	0.000000	0.000000	0.000000 
-2674.000000	1130.000000	4.661516e-007	6.237062e-007	9.725235	0.000000	0.000000	0.000000	0.000000 
-2674.000000	1206.000000	5.766790e-007	6.015658e-007	9.047035	0.000000	0.000000	0.000000	0.000000 
-2674.000000	1282.000000	4.035430e-007	5.589855e-007	7.811620	0.000000	0.000000	0.000000	0.000000 
-2750.000000	-238.000000	4.384333e-007	6.245559e-007	9.751751	0.000000	0.000000	0.000000	0.000000 
-2750.000000	-162.000000	4.964327e-007	5.504127e-007	7.573854	0.000000	0.000000	0.000000	0.000000 
-2750.000000	-86.000000	4.037310e-007	5.866326e-007	8.603444	0.000000	0.000000	0.000000	0.000000 
-2750.000000	-10.000000	5.166173e-007	5.711172e-007	8.154373	0.000000	0.000000	0.000000	0.000000 
-2750.000000	66.000000	5.333626e-007	6.103563e-007	9.313371	0.000000	0.000000	0.000000	0.000000 
-2750.000000	142.000000	5.620380e-007	6.047277e-007	9.142388	0.000000	0.000000	0.000000	0.000000 
-2750.000000	218.000000	4.648272e-007	6.059179e-007	9.178412	0.000000	0.000000	0.000000	0.000000 
-2750.000000	294.000000	4.269377e-007	6.661777e-007	11.094817	0.000000	0.000000	0.000000	0.000000 
-2750.000000	370.000000	6.425610e-007	6.252198e-007	9.772495	0.000000	0.000000	0.000000	0.000000 
-2750.000000	446.000000	6.077229e-007	5.863479e-007	8.595097	0.000000	0.000000	0.000000	0.000000 
-2750.000000	522.000000	4.296287e-007	6.248607e-007	9.761274	0.000000	0.000000	0.000000	0.000000 
-2750.000000	598.000000	4.351009e-007	5.832610e-007	8.504834	0.000000	0.000000	0.000000	0.000000 
-2750.000000	674.000000	4.796456e-007	5.599069e-007	7.837394	0.000000	0.000000	0.000000	0.000000 
-2750.000000	750.000000	4.989774e-007	5.759823e-007	8.293890	0.000000	0.000000	0.000000	0.000000 
-2750.000000	826.000000	6.307719e-007	5.462751e-007	7.460412	0.000000	0.000000	0.000000	0.000000 
-2750.000000	902.000000	5.581436e-007	5.850121e-007	8.555979	0.000000	0.000000	0.000000	0.000000 
-2750.000000	978.000000	5.276223e-007	5.574448e-007	7.768616	0.000000	0.000000	0.000000	0.000000 
-2750.000000	1054.000000	5.666134e-007	6.011572e-007	9.034750	0.000000	0.000000	0.000000	0.000000 
-2750.000000	1130.000000	4.360992e-007	5.285451e-007	6.983998	0.000000	0.000000	0.000000	0.000000 
-2750.000000	1206.000000	4.765074e-007	5.850670e-007	8.557584	0.000000	0.000000	0.000000	0.000000 
-2750.000000	1282.000000	4.825170e-007	6.011472e-007	9.034449	0.000000	0.000000	0.000000	0.000000 
-2826.000000	-238.000000	6.049448e-007	6.004910e-007	9.014735	0.000000	0.000000	0.000000	0.000000 
-2826.000000	-162.000000	4.934709e-007	5.491794e-007	7.539949	0.000000	0.000000	0.000000	0.000000 
-2826.000000	-86.000000	4.559379e-007	6.442358e-007	10.375995	0.000000	0.000000	0.000000	0.000000 
-2826.000000	-10.000000	5.031457e-007	5.728890e-007	8.205044	0.000000	0.000000	0.000000	0.000000 
-2826.000000	66.000000	5.280337e-007	5.568394e-007	7.751754	0.000000	0.000000	0.000000	0.000000 
-2826.000000	142.000000	4.990839e-007	6.055161e-007	9.166245	0.000000	0.000000	0.000000	0.000000 
-2826.000000	218.000000	6.177074e-007	5.548496e-007	7.696453	0.000000	0.000000	0.000000	0.000000 
-2826.000000	294.000000	4.778545e-007	6.260400e-007	9.798153	0.000000	0.000000	0.000000	0.000000 
-2826.000000	370.000000	4.723706e-007	6.349719e-007	10.079732	0.000000	0.000000	0.000000	0.000000 
-2826.000000	446.000000	4.623876e-007	5.888953e-007	8.669943	0.000000	0.000000	0.000000	0.000000 
-2826.000000	522.000000	5.032858e-007	6.302460e-007	9.930252	0.000000	0.000000	0.000000	0.000000 
-2826.000000	598.000000	5.491845e-007	6.029755e-007	9.089486	0.000000	0.000000	0.000000	0.000000 
-2826.000000	674.000000	5.684227e-007	5.790811e-007	8.383372	0.000000	0.000000	0.000000	0.000000 
-2826.000000	750.000000	4.931539e-007	6.251803e-007	9.771261	0.000000	0.000000	0.000000	0.000000 
-2826.000000	826.000000	5.479698e-007	5.895477e-007	8.689162	0.000000	0.000000	0.000000	0.000000 
-2826.000000	902.000000	5.234690e-007	5.674954e-007	8.051275	0.000000	0.000000	0.000000	0.000000 
-2826.000000	978.000000	4.497763e-007	6.196178e-007	9.598156	0.000000	0.000000	0.000000	0.000000 
-2826.000000	1054.000000	4.952460e-007	5.562105e-007	7.734253	0.000000	0.000000	0.000000	0.000000 
-2826.000000	1130.000000	5.166705e-007	5.300497e-007	7.023818	0.000000	0.000000	0.000000	0.000000 
-2826.000000	1206.000000	4.795078e-007	6.118873e-007	9.360151	0.000000	0.000000	0.000000	0.000000 
-2826.000000	1282.000000	4.742941e-007	6.193864e-007	9.590988	0.000000	0.000000	0.000000	0.000000 
-2902.000000	-238.000000	5.833621e-007	5.821277e-007	8.471817	0.000000	0.000000	0.000000	0.000000 
-2902.000000	-162.000000	4.746245e-007	6.285247e-007	9.876082	0.000000	0.000000	0.000000	0.000000 
-2902.000000	-86.000000	4.882920e-007	5.996535e-007	8.989609	0.000000	0.000000	0.000000	0.000000 
-2902.000000	-10.000000	4.199476e-007	5.807548e-007	8.431902	0.000000	0.000000	0.000000	0.000000 
-2902.000000	66.000000	4.870554e-007	6.197985e-007	9.603753	0.000000	0.000000	0.000000	0.000000 
-2902.000000	142.000000	4.883849e-007	6.106375e-007	9.321954	0.000000	0.000000	0.000000	0.000000 
-2902.000000	218.000000	5.241316e-007	5.701079e-007	8.125575	0.000000	0.000000	0.000000	0.000000 
-2902.000000	294.000000	4.333233e-007	6.505786e-007	10.581314	0.000000	0.000000	0.000000	0.000000 
-2902.000000	370.000000	5.000031e-007	6.099513e-007	9.301014	0.000000	0.000000	0.000000	0.000000 
-2902.000000	446.000000	5.239484e-007	5.807625e-007	8.432126	0.000000	0.000000	0.000000	0.000000 
-2902.000000	522.000000	4.730960e-007	5.917787e-007	8.755052	0.000000	0.000000	0.000000	0.000000 
-2902.000000	598.000000	5.261177e-007	6.648429e-007	11.050403	0.000000	0.000000	0.000000	0.000000 
-2902.000000	674.000000	4.973217e-007	5.922545e-007	8.769136	0.000000	0.000000	0.000000	0.000000 
-2902.000000	750.000000	4.741699e-007	5.726164e-007	8.197240	0.000000	0.000000	0.000000	0.000000 
-2902.000000	826.000000	4.879996e-007	6.255999e-007	9.784382	0.000000	0.000000	0.000000	0.000000 
-2902.000000	902.000000	5.513972e-007	5.710202e-007	8.151603	0.000000	0.000000	0.000000	0.000000 
-2902.000000	978.000000	4.780073e-007	5.972696e-007	8.918274	0.000000	0.000000	0.000000	0.000000 
-2902.000000	1054.000000	4.900168e-007	6.396039e-007	10.227329	0.000000	0.000000	0.000000	0.000000 
-2902.000000	1130.000000	5.402212e-007	6.095146e-007	9.287701	0.000000	0.000000	0.000000	0.000000 
-2902.000000	1206.000000	5.273739e-007	6.125229e-007	9.379607	0.000000	0.000000	0.000000	0.000000 
-2902.000000	1282.000000	5.334941e-007	6.018363e-007	9.055172	0.000000	0.000000	0.000000	0.000000 
