138.000000	-238.000000	-114.000000	114.000000	28	14	X_origin[m],Y_origin[m],DeltaX[m],DeltaY[m],Ncolumns,Nrows 
X_grid,Y_grid,Eo,ErRate[m/s],CritTau[Pa],Unitweight[N],Cohes[Pa],AngleRep[o],AnglePhib[o] 
138.000000	-238.000000	5.186268e-007	5.911417e-007	8.736212	0.000000	0.000000	0.000000	0.000000 
138.000000	-124.000000	5.025283e-007	6.137026e-007	9.415773	0.000000	0.000000	0.000000	0.000000 
138.000000	-10.000000	5.511844e-007	5.751327e-007	8.269439	0.000000	0.000000	0.000000	0.000000 
138.000000	104.000000	5.410890e-007	6.184943e-007	9.563379	0.000000	0.000000	0.000000	0.000000 
138.000000	218.000000	5.284994e-007	6.037694e-007	9.113438	0.000000	0.000000	0.000000	0.000000 
138.000000	332.000000	5.095997e-007	6.420719e-007	10.306410	0.000000	0.000000	0.000000	0.000000 
138.000000	446.000000	4.817043e-007	6.237884e-007	9.727800	0.000000	0.000000	0.000000	0.000000 
138.000000	560.000000	4.664282e-007	5.918361e-007	8.756751	0.000000	0.000000	0.000000	0.000000 
138.000000	674.000000	5.892448e-007	5.697000e-007	8.113952	0.000000	0.000000	0.000000	0.000000 
138.000000	788.000000	5.388917e-007	6.226501e-007	9.692328	0.000000	0.000000	0.000000	0.000000 
138.000000	902.000000	5.240190e-007	5.491499e-007	7.539141	0.000000	0.000000	0.000000	0.000000 
138.000000	1016.000000	4.350372e-007	6.082941e-007	9.250542	0.000000	0.000000	0.000000	0.000000 
138.000000	1130.000000	4.941241e-007	5.791307e-007	8.384809	0.000000	0.000000	0.000000	0.000000 
138.000000	1244.000000	4.579689e-007	6.133019e-007	9.403481	0.000000	0.000000	0.000000	0.000000 
24.000000	-238.000000	4.945477e-007	6.741842e-007	11.363107	0.000000	0.000000	0.000000	0.000000 
24.000000	-124.000000	4.552052e-007	6.631339e-007	10.993663	0.000000	0.000000	0.000000	0.000000 
24.000000	-10.000000	4.809249e-007	6.482428e-007	10.505467	0.000000	0.000000	0.000000	0.000000 
24.000000	104.000000	5.388563e-007	5.952193e-007	8.857149	0.000000	0.000000	0.000000	0.000000 
24.000000	218.000000	4.976334e-007	6.333935e-007	10.029683	0.000000	0.000000	0.000000	0.000000 
24.000000	332.000000	4.953014e-007	5.172893e-007	6.689705	0.000000	0.000000	0.000000	0.000000 
24.000000	446.000000	5.305443e-007	5.896183e-007	8.691243	0.000000	0.000000	0.000000	0.000000 
24.000000	560.000000	5.268052e-007	6.012173e-007	9.036556	0.000000	0.000000	0.000000	0.000000 
24.000000	674.000000	5.993703e-007	6.280723e-007	9.861871	0.000000	0.000000	0.000000	0.000000 
24.000000	788.000000	4.531186e-007	6.117430e-007	9.355739	0.000000	0.000000	0.000000	0.000000 
24.000000	902.000000	5.130976e-007	5.612146e-007	7.874047	0.000000	0.000000	0.000000	0.000000 
24.000000	1016.000000	4.074946e-007	5.982275e-007	8.946904	0.000000	0.000000	0.000000	0.000000 
24.000000	1130.000000	4.819089e-007	6.227473e-007	9.695354	0.000000	0.000000	0.000000	0.000000 
24.000000	1244.000000	4.959199e-007	5.680559e-007	8.067189	0.000000	0.000000	0.000000	0.000000 
-90.000000	-238.000000	5.453200e-007	6.361152e-007	10.116063	0.000000	0.000000	0.000000	0.000000 
-90.000000	-124.000000	4.714505e-007	5.984214e-007	8.952704	0.000000	0.000000	0.000000	0.000000 
-90.000000	-10.000000	5.252048e-007	6.580343e-007	10.825229	0.000000	0.000000	0.000000	0.000000 
-90.000000	104.000000	6.107476e-007	6.150975e-007	9.458624	0.000000	0.000000	0.000000	0.000000 
-90.000000	218.000000	5.136629e-007	5.639082e-007	7.949810	0.000000	0.000000	0.000000	0.000000 
-90.000000	332.000000	5.715866e-007	6.489989e-007	10.529990	0.000000	0.000000	0.000000	0.000000 
-90.000000	446.000000	4.913323e-007	5.829659e-007	8.496231	0.000000	0.000000	0.000000	0.000000 
-90.000000	560.000000	5.081490e-007	5.391234e-007	7.266351	0.000000	0.000000	0.000000	0.000000 
-90.000000	674.000000	5.229980e-007	6.017041e-007	9.051197	0.000000	0.000000	0.000000	0.000000 
-90.000000	788.000000	5.431621e-007	6.370844e-007	10.146912	0.000000	0.000000	0.000000	0.000000 
-90.000000	902.000000	6.137007e-007	6.507460e-007	10.586759	0.000000	0.000000	0.000000	0.000000 
-90.000000	1016.000000	4.990161e-007	6.368343e-007	10.138947	0.000000	0.000000	0.000000	0.000000 
-90.000000	1130.000000	6.006040e-007	5.649643e-007	7.979616	0.000000	0.000000	0.000000	0.000000 
-90.000000	1244.000000	4.986115e-007	6.264275e-007	9.810285	0.000000	0.000000	0.000000	0.000000 
-204.000000	-238.000000	5.050745e-007	5.258664e-007	6.913387	0.000000	0.000000	0.000000	0.000000 
-204.000000	-124.000000	3.803897e-007	5.898290e-007	8.697457	0.000000	0.000000	0.000000	0.000000 
-204.000000	-10.000000	3.681947e-007	5.923801e-007	8.772855	0.000000	0.000000	0.000000	0.000000 
-204.000000	104.000000	6.031601e-007	6.007587e-007	9.022775	0.000000	0.000000	0.000000	0.000000 
-204.000000	218.000000	4.679568e-007	6.084245e-007	9.254508	0.000000	0.000000	0.000000	0.000000 
-204.000000	332.000000	4.359266e-007	6.611694e-007	10.928624	0.000000	0.000000	0.000000	0.000000 
-204.000000	446.000000	4.907246e-007	6.164212e-007	9.499377	0.000000	0.000000	0.000000	0.000000 
-204.000000	560.000000	4.402934e-007	5.650410e-007	7.981783	0.000000	0.000000	0.000000	0.000000 
-204.000000	674.000000	4.568969e-007	5.985508e-007	8.956576	0.000000	0.000000	0.000000	0.000000 
-204.000000	788.000000	5.543310e-007	6.215915e-007	9.659399	0.000000	0.000000	0.000000	0.000000 
-204.000000	902.000000	5.151540e-007	5.953916e-007	8.862279	0.000000	0.000000	0.000000	0.000000 
-204.000000	1016.000000	5.090763e-007	6.025619e-007	9.077021	0.000000	0.000000	0.000000	0.000000 
-204.000000	1130.000000	6.127126e-007	6.180579e-007	9.549890	0.000000	0.000000	0.000000	0.000000 
-204.000000	1244.000000	4.945978e-007	5.831362e-007	8.501195	0.000000	0.000000	0.000000	0.000000 
-318.000000	-238.000000	4.681716e-007	6.263627e-007	9.808257	0.000000	0.000000	0.000000	0.000000 
-318.000000	-124.000000	5.045741e-007	5.762775e-007	8.302395	0.000000	0.000000	0.000000	0.000000 
-318.000000	-10.000000	4.370706e-007	5.869906e-007	8.613948	0.000000	0.000000	0.000000	0.000000 
-318.000000	104.000000	5.002720e-007	5.534186e-007	7.656805	0.000000	0.000000	0.000000	0.000000 
-318.000000	218.000000	4.512876e-007	6.417613e-007	10.296440	0.000000	0.000000	0.000000	0.000000 
-318.000000	332.000000	4.761177e-007	5.996767e-007	8.990303	0.000000	0.000000	0.000000	0.000000 
-318.000000	446.000000	4.932449e-007	5.822440e-007	8.475203	0.000000	0.000000	0.000000	0.000000 
-318.000000	560.000000	4.955459e-007	5.722038e-007	8.185430	0.000000	0.000000	0.000000	0.000000 
-318.000000	674.000000	4.464116e-007	5.493712e-007	7.545217	0.000000	0.000000	0.000000	0.000000 
-318.000000	788.000000	3.952473e-007	5.319698e-007	7.074796	0.000000	0.000000	0.000000	0.000000 
-318.000000	902.000000	4.853739e-007	5.810319e-007	8.439952	0.000000	0.000000	0.000000	0.000000 
-318.000000	1016.000000	5.414786e-007	5.479436e-007	7.506056	0.000000	0.000000	0.000000	0.000000 
-318.000000	1130.000000	4.195299e-007	6.132316e-007	9.401324	0.000000	0.000000	0.000000	0.000000 
-318.000000	1244.000000	5.090314e-007	5.931278e-007	8.795015	0.000000	0.000000	0.000000	0.000000 
-432.000000	-238.000000	5.016925e-007	5.812619e-007	8.446635	0.000000	0.000000	0.000000	0.000000 
-432.000000	-124.000000	4.935523e-007	5.771047e-007	8.326245	0.000000	0.000000	0.000000	0.000000 
-432.000000	-10.000000	4.139895e-007	5.769677e-007	8.322292	0.000000	0.000000	0.000000	0.000000 
-432.000000	104.000000	5.109423e-007	5.986296e-007	8.958934	0.000000	0.000000	0.000000	0.000000 
-432.000000	218.000000	4.965622e-007	6.050740e-007	9.152864	0.000000	0.000000	0.000000	0.000000 
-432.000000	332.000000	4.803999e-007	6.129399e-007	9.392384	0.000000	0.000000	0.000000	0.000000 
-432.000000	446.000000	3.772952e-007	6.114535e-007	9.346885	0.000000	0.000000	0.000000	0.000000 
-432.000000	560.000000	5.398485e-007	5.913982e-007	8.743795	0.000000	0.000000	0.000000	0.000000 
-432.000000	674.000000	5.749624e-007	5.802717e-007	8.417880	0.000000	0.000000	0.000000	0.000000 
-432.000000	788.000000	4.817918e-007	6.128105e-007	9.388417	0.000000	0.000000	0.000000	0.000000 
-432.000000	902.000000	4.839277e-007	6.087573e-007	9.264637	0.000000	0.000000	0.000000	0.000000 
-432.000000	1016.000000	5.041486e-007	6.414204e-007	10.285504	0.000000	0.000000	0.000000	0.000000 
-432.000000	1130.000000	5.609286e-007	5.732755e-007	8.216120	0.000000	0.000000	0.000000	0.000000 
-432.000000	1244.000000	4.921151e-007	6.217723e-007	9.665021	0.000000	0.000000	0.000000	0.000000 
-546.000000	-238.000000	4.362932e-007	5.666282e-007	8.026689	0.000000	0.000000	0.000000	0.000000 
-546.000000	-124.000000	6.009315e-007	5.583627e-007	7.794222	0.000000	0.000000	0.000000	0.000000 
-546.000000	-10.000000	5.206937e-007	6.115957e-007	9.351231	0.000000	0.000000	0.000000	0.000000 
-546.000000	104.000000	6.750431e-007	6.024767e-007	9.074454	0.000000	0.000000	0.000000	0.000000 
-546.000000	218.000000	4.459021e-007	6.257783e-007	9.789961	0.000000	0.000000	0.000000	0.000000 
-546.000000	332.000000	5.065277e-007	6.204850e-007	9.625042	0.000000	0.000000	0.000000	0.000000 
-546.000000	446.000000	4.605833e-007	6.545662e-007	10.711423	0.000000	0.000000	0.000000	0.000000 
-546.000000	560.000000	4.284083e-007	6.328399e-007	10.012158	0.000000	0.000000	0.000000	0.000000 
-546.000000	674.000000	4.258271e-007	6.690351e-007	11.190198	0.000000	0.000000	0.000000	0.000000 
-546.000000	788.000000	5.145991e-007	6.484371e-007	10.511766	0.000000	0.000000	0.000000	0.000000 
-546.000000	902.000000	4.379841e-007	5.759134e-007	8.291907	0.000000	0.000000	0.000000	0.000000 
-546.000000	1016.000000	5.669729e-007	5.805785e-007	8.426785	0.000000	0.000000	0.000000	0.000000 
-546.000000	1130.000000	4.545662e-007	5.612071e-007	7.873836	0.000000	0.000000	0.000000	0.000000 
-546.000000	1244.000000	5.834665e-007	6.125439e-007	9.380250	0.000000	0.000000	0.000000	0.000000 
-660.000000	-238.000000	5.273924e-007	5.980679e-007	8.942132	0.000000	0.000000	0.000000	0.000000 
-660.000000	-124.000000	3.889195e-007	6.400987e-007	10.243159	0.000000	0.000000	0.000000	0.000000 
-660.000000	-10.000000	5.622341e-007	6.150946e-007	9.458535	0.000000	0.000000	0.000000	0.000000 
-660.000000	104.000000	3.967149e-007	5.885433e-007	8.659582	0.000000	0.000000	0.000000	0.000000 
-660.000000	218.000000	5.040088e-007	5.468244e-007	7.475424	0.000000	0.000000	0.000000	0.000000 
-660.000000	332.000000	4.756350e-007	5.891441e-007	8.677270	0.000000	0.000000	0.000000	0.000000 
-660.000000	446.000000	4.785781e-007	6.258012e-007	9.790680	0.000000	0.000000	0.000000	0.000000 
-660.000000	560.000000	4.834410e-007	5.960459e-007	8.881767	0.000000	0.000000	0.000000	0.000000 
-660.000000	674.000000	4.870711e-007	6.079032e-007	9.238658	0.000000	0.000000	0.000000	0.000000 
-660.000000	788.000000	5.106878e-007	5.744817e-007	8.250732	0.000000	0.000000	0.000000	0.000000 
-660.000000	902.000000	5.359630e-007	6.209939e-007	9.640835	0.000000	0.000000	0.000000	0.000000 
-660.000000	1016.000000	5.038854e-007	6.192666e-007	9.587278	0.000000	0.000000	0.000000	0.000000 
-660.000000	1130.000000	4.639640e-007	5.631196e-007	7.927592	0.000000	0.000000	0.000000	0.000000 
-660.000000	1244.000000	4.487567e-007	5.712289e-007	8.157562	0.000000	0.000000	0.000000	0.000000 
-774.000000	-238.000000	5.233329e-007	6.224757e-007	9.686901	0.000000	0.000000	0.000000	0.000000 
-774.000000	-124.000000	4.681645e-007	5.841232e-007	8.529996	0.000000	0.000000	0.000000	0.000000 
-774.000000	-10.000000	3.914292e-007	5.729482e-007	8.206741	0.000000	0.000000	0.000000	0.000000 
-774.000000	104.000000	4.153294e-007	7.481780e-007	13.994257	0.000000	0.000000	0.000000	0.000000 
-774.000000	218.000000	4.466337e-007	6.152364e-007	9.462895	0.000000	0.000000	0.000000	0.000000 
-774.000000	332.000000	4.646883e-007	5.941519e-007	8.825412	0.000000	0.000000	0.000000	0.000000 
-774.000000	446.000000	5.544785e-007	5.994527e-007	8.983589	0.000000	0.000000	0.000000	0.000000 
-774.000000	560.000000	4.768336e-007	6.049621e-007	9.149479	0.000000	0.000000	0.000000	0.000000 
-774.000000	674.000000	5.337613e-007	6.071687e-007	9.216346	0.000000	0.000000	0.000000	0.000000 
-774.000000	788.000000	4.789831e-007	6.644804e-007	11.038354	0.000000	0.000000	0.000000	0.000000 
-774.000000	902.000000	5.480828e-007	5.429649e-007	7.370272	0.000000	0.000000	0.000000	0.000000 
-774.000000	1016.000000	4.131184e-007	5.587043e-007	7.803763	0.000000	0.000000	0.000000	0.000000 
-774.000000	1130.000000	5.128286e-007	6.218716e-007	9.668106	0.000000	0.000000	0.000000	0.000000 
-774.000000	1244.000000	4.669461e-007	5.755614e-007	8.281772	0.000000	0.000000	0.000000	0.000000 
-888.000000	-238.000000	5.325324e-007	5.909437e-007	8.730362	0.000000	0.000000	0.000000	0.000000 
-888.000000	-124.000000	4.353207e-007	5.090043e-007	6.477133	0.000000	0.000000	0.000000	0.000000 
-888.000000	-10.000000	5.411829e-007	5.524037e-007	7.628747	0.000000	0.000000	0.000000	0.000000 
-888.000000	104.000000	4.659273e-007	5.999628e-007	8.998884	0.000000	0.000000	0.000000	0.000000 
-888.000000	218.000000	5.128053e-007	5.835201e-007	8.512392	0.000000	0.000000	0.000000	0.000000 
-888.000000	332.000000	4.628825e-007	5.715693e-007	8.167285	0.000000	0.000000	0.000000	0.000000 
-888.000000	446.000000	4.863742e-007	6.019753e-007	9.059358	0.000000	0.000000	0.000000	0.000000 
-888.000000	560.000000	5.111482e-007	6.128965e-007	9.391053	0.000000	0.000000	0.000000	0.000000 
-888.000000	674.000000	5.007777e-007	5.621663e-007	7.900773	0.000000	0.000000	0.000000	0.000000 
-888.000000	788.000000	4.746077e-007	6.636520e-007	11.010850	0.000000	0.000000	0.000000	0.000000 
-888.000000	902.000000	4.600029e-007	5.949274e-007	8.848464	0.000000	0.000000	0.000000	0.000000 
-888.000000	1016.000000	3.631989e-007	5.631845e-007	7.929421	0.000000	0.000000	0.000000	0.000000 
-888.000000	1130.000000	5.269864e-007	5.923701e-007	8.772560	0.000000	0.000000	0.000000	0.000000 
-888.000000	1244.000000	5.898963e-007	5.956255e-007	8.869243	0.000000	0.000000	0.000000	0.000000 
-1002.000000	-238.000000	4.712358e-007	5.873198e-007	8.623613	0.000000	0.000000	0.000000	0.000000 
-1002.000000	-124.000000	4.531936e-007	5.805243e-007	8.425213	0.000000	0.000000	0.000000	0.000000 
-1002.000000	-10.000000	4.699386e-007	6.226355e-007	9.691875	0.000000	0.000000	0.000000	0.000000 
-1002.000000	104.000000	4.365101e-007	5.687591e-007	8.087173	0.000000	0.000000	0.000000	0.000000 
-1002.000000	218.000000	6.346676e-007	5.714859e-007	8.164904	0.000000	0.000000	0.000000	0.000000 
-1002.000000	332.000000	4.633826e-007	5.638322e-007	7.947667	0.000000	0.000000	0.000000	0.000000 
-1002.000000	446.000000	5.197165e-007	6.141437e-007	9.429312	0.000000	0.000000	0.000000	0.000000 
-1002.000000	560.000000	3.816872e-007	6.374144e-007	10.157427	0.000000	0.000000	0.000000	0.000000 
-1002.000000	674.000000	4.726294e-007	5.025492e-007	6.313891	0.000000	0.000000	0.000000	0.000000 
-1002.000000	788.000000	4.854581e-007	6.211586e-007	9.645949	0.000000	0.000000	0.000000	0.000000 
-1002.000000	902.000000	3.789110e-007	5.714940e-007	8.165136	0.000000	0.000000	0.000000	0.000000 
-1002.000000	1016.000000	5.976116e-007	6.252457e-007	9.773303	0.000000	0.000000	0.000000	0.000000 
-1002.000000	1130.000000	4.389745e-007	5.401057e-007	7.292855	0.000000	0.000000	0.000000	0.000000 
-1002.000000	1244.000000	5.932412e-007	6.147762e-007	9.448744	0.000000	0.000000	0.000000	0.000000 
-1116.000000	-238.000000	4.725432e-007	6.012753e-007	9.038299	0.000000	0.000000	0.000000	0.000000 
-1116.000000	-124.000000	5.085168e-007	6.221650e-007	9.677233	0.000000	0.000000	0.000000	0.000000 
-1116.000000	-10.000000	5.329142e-007	6.034592e-007	9.104075	0.000000	0.000000	0.000000	0.000000 
-1116.000000	104.000000	4.452415e-007	6.613564e-007	10.934806	0.000000	0.000000	0.000000	0.000000 
-1116.000000	218.000000	4.586824e-007	5.947597e-007	8.843477	0.000000	0.000000	0.000000	0.000000 
-1116.000000	332.000000	4.883317e-007	6.482989e-007	10.507286	0.000000	0.000000	0.000000	0.000000 
-1116.000000	446.000000	4.558103e-007	5.620805e-007	7.898362	0.000000	0.000000	0.000000	0.000000 
-1116.000000	560.000000	5.051177e-007	6.518480e-007	10.622644	0.000000	0.000000	0.000000	0.000000 
-1116.000000	674.000000	4.926618e-007	6.067772e-007	9.204464	0.000000	0.000000	0.000000	0.000000 
-1116.000000	788.000000	5.018489e-007	5.682141e-007	8.071683	0.000000	0.000000	0.000000	0.000000 
-1116.000000	902.000000	5.031542e-007	6.244515e-007	9.748491	0.000000	0.000000	0.000000	0.000000 
-1116.000000	1016.000000	5.544995e-007	5.825873e-007	8.485198	0.000000	0.000000	0.000000	0.000000 
-1116.000000	1130.000000	5.716169e-007	6.129674e-007	9.393225	0.000000	0.000000	0.000000	0.000000 
-1116.000000	1244.000000	4.365774e-007	5.298081e-007	7.017416	0.000000	0.000000	0.000000	0.000000 
-1230.000000	-238.000000	4.644547e-007	5.460935e-007	7.455453	0.000000	0.000000	0.000000	0.000000 
-1230.000000	-124.000000	5.699421e-007	5.965992e-007	8.898265	0.000000	0.000000	0.000000	0.000000 
-1230.000000	-10.000000	4.569509e-007	6.008852e-007	9.026576	0.000000	0.000000	0.000000	0.000000 
-1230.000000	104.000000	5.720744e-007	6.135529e-007	9.411180	0.000000	0.000000	0.000000	0.000000 
-1230.000000	218.000000	4.377046e-007	5.420180e-007	7.344587	0.000000	0.000000	0.000000	0.000000 
-1230.000000	332.000000	6.450998e-007	6.124327e-007	9.376846	0.000000	0.000000	0.000000	0.000000 
-1230.000000	446.000000	5.609956e-007	6.445364e-007	10.385679	0.000000	0.000000	0.000000	0.000000 
-1230.000000	560.000000	4.684122e-007	6.179212e-007	9.545664	0.000000	0.000000	0.000000	0.000000 
-1230.000000	674.000000	4.770722e-007	6.093348e-007	9.282223	0.000000	0.000000	0.000000	0.000000 
-1230.000000	788.000000	5.282819e-007	5.936868e-007	8.811601	0.000000	0.000000	0.000000	0.000000 
-1230.000000	902.000000	4.285507e-007	5.626996e-007	7.915771	0.000000	0.000000	0.000000	0.000000 
-1230.000000	1016.000000	6.171056e-007	5.879778e-007	8.642948	0.000000	0.000000	0.000000	0.000000 
-1230.000000	1130.000000	4.434732e-007	6.618459e-007	10.951001	0.000000	0.000000	0.000000	0.000000 
-1230.000000	1244.000000	4.437843e-007	5.850451e-007	8.556945	0.000000	0.000000	0.000000	0.000000 
-1344.000000	-238.000000	6.036372e-007	5.863630e-007	8.595540	0.000000	0.000000	0.000000	0.000000 
-1344.000000	-124.000000	4.753677e-007	6.074909e-007	9.226130	0.000000	0.000000	0.000000	0.000000 
-1344.000000	-10.000000	5.223273e-007	5.983835e-007	8.951570	0.000000	0.000000	0.000000	0.000000 
-1344.000000	104.000000	5.359344e-007	5.828840e-007	8.493843	0.000000	0.000000	0.000000	0.000000 
-1344.000000	218.000000	3.867956e-007	5.651052e-007	7.983596	0.000000	0.000000	0.000000	0.000000 
-1344.000000	332.000000	4.296719e-007	6.096532e-007	9.291926	0.000000	0.000000	0.000000	0.000000 
-1344.000000	446.000000	4.826588e-007	6.218487e-007	9.667395	0.000000	0.000000	0.000000	0.000000 
-1344.000000	560.000000	5.160659e-007	5.788290e-007	8.376076	0.000000	0.000000	0.000000	0.000000 
-1344.000000	674.000000	4.592029e-007	5.813800e-007	8.450066	0.000000	0.000000	0.000000	0.000000 
-1344.000000	788.000000	5.136181e-007	6.168928e-007	9.513919	0.000000	0.000000	0.000000	0.000000 
-1344.000000	902.000000	4.819765e-007	5.847847e-007	8.549328	0.000000	0.000000	0.000000	0.000000 
-1344.000000	1016.000000	4.927050e-007	6.565828e-007	10.777524	0.000000	0.000000	0.000000	0.000000 
-1344.000000	1130.000000	5.277338e-007	6.291267e-007	9.895009	0.000000	0.000000	0.000000	0.000000 
-1344.000000	1244.000000	5.241892e-007	5.170683e-007	6.683991	0.000000	0.000000	0.000000	0.000000 
-1458.000000	-238.000000	5.237709e-007	6.459813e-007	10.432298	0.000000	0.000000	0.000000	0.000000 
-1458.000000	-124.000000	5.230244e-007	6.596520e-007	10.878519	0.000000	0.000000	0.000000	0.000000 
-1458.000000	-10.000000	4.998435e-007	6.444477e-007	10.382822	0.000000	0.000000	0.000000	0.000000 
-1458.000000	104.000000	5.626404e-007	5.804294e-007	8.422457	0.000000	0.000000	0.000000	0.000000 
-1458.000000	218.000000	5.319742e-007	6.336711e-007	10.038478	0.000000	0.000000	0.000000	0.000000 
-1458.000000	332.000000	4.638828e-007	5.897785e-007	8.695967	0.000000	0.000000	0.000000	0.000000 
-1458.000000	446.000000	5.019064e-007	6.187552e-007	9.571450	0.000000	0.000000	0.000000	0.000000 
-1458.000000	560.000000	6.276802e-007	5.959186e-007	8.877975	0.000000	0.000000	0.000000	0.000000 
-1458.000000	674.000000	5.192278e-007	6.383904e-007	10.188559	0.000000	0.000000	0.000000	0.000000 
-1458.000000	788.000000	5.947938e-007	5.447611e-007	7.419116	0.000000	0.000000	0.000000	0.000000 
-1458.000000	902.000000	5.642758e-007	6.399178e-007	10.237370	0.000000	0.000000	0.000000	0.000000 
-1458.000000	1016.000000	5.448833e-007	6.179733e-007	9.547274	0.000000	0.000000	0.000000	0.000000 
-1458.000000	1130.000000	4.676520e-007	6.224351e-007	9.685635	0.000000	0.000000	0.000000	0.000000 
-1458.000000	1244.000000	5.888262e-007	6.206890e-007	9.631372	0.000000	0.000000	0.000000	0.000000 
-1572.000000	-238.000000	4.388061e-007	5.824394e-007	8.480892	0.000000	0.000000	0.000000	0.000000 
-1572.000000	-124.000000	4.404234e-007	6.086188e-007	9.260420	0.000000	0.000000	0.000000	0.000000 
-1572.000000	-10.000000	5.775982e-007	6.099561e-007	9.301161	0.000000	0.000000	0.000000	0.000000 
-1572.000000	104.000000	5.513788e-007	6.464490e-007	10.447406	0.000000	0.000000	0.000000	0.000000 
-1572.000000	218.000000	4.099996e-007	6.226249e-007	9.691545	0.000000	0.000000	0.000000	0.000000 
-1572.000000	332.000000	5.277078e-007	5.827566e-007	8.490130	0.000000	0.000000	0.000000	0.000000 
-1572.000000	446.000000	4.797725e-007	5.921166e-007	8.765053	0.000000	0.000000	0.000000	0.000000 
-1572.000000	560.000000	4.627670e-007	6.162241e-007	9.493304	0.000000	0.000000	0.000000	0.000000 
-1572.000000	674.000000	5.125637e-007	6.225707e-007	9.689856	0.000000	0.000000	0.000000	0.000000 
-1572.000000	788.000000	5.305107e-007	5.643334e-007	7.961803	0.000000	0.000000	0.000000	0.000000 
-1572.000000	902.000000	4.297604e-007	6.319060e-007	9.982631	0.000000	0.000000	0.000000	0.000000 
-1572.000000	1016.000000	4.380269e-007	5.850442e-007	8.556917	0.000000	0.000000	0.000000	0.000000 
-1572.000000	1130.000000	4.789599e-007	6.024839e-007	9.074670	0.000000	0.000000	0.000000	0.000000 
-1572.000000	1244.000000	5.005614e-007	5.920439e-007	8.762899	0.000000	0.000000	0.000000	0.000000 
-1686.000000	-238.000000	5.788667e-007	6.291954e-007	9.897170	0.000000	0.000000	0.000000	0.000000 
-1686.000000	-124.000000	5.142681e-007	5.662697e-007	8.016533	0.000000	0.000000	0.000000	0.000000 
-1686.000000	-10.000000	5.189412e-007	6.527893e-007	10.653348	0.000000	0.000000	0.000000	0.000000 
-1686.000000	104.000000	6.495164e-007	5.784503e-007	8.365118	0.000000	0.000000	0.000000	0.000000 
-1686.000000	218.000000	5.540295e-007	6.349032e-007	10.077553	0.000000	0.000000	0.000000	0.000000 
-1686.000000	332.000000	4.131192e-007	5.816573e-007	8.458131	0.000000	0.000000	0.000000	0.000000 
-1686.000000	446.000000	4.148865e-007	6.103997e-007	9.314696	0.000000	0.000000	0.000000	0.000000 
-1686.000000	560.000000	5.357789e-007	6.236397e-007	9.723162	0.000000	0.000000	0.000000	0.000000 
-1686.000000	674.000000	5.071788e-007	6.074613e-007	9.225231	0.000000	0.000000	0.000000	0.000000 
-1686.000000	788.000000	5.054904e-007	6.319758e-007	9.984836	0.000000	0.000000	0.000000	0.000000 
-1686.000000	902.000000	4.782130e-007	5.923384e-007	8.771620	0.000000	0.000000	0.000000	0.000000 
-1686.000000	1016.000000	5.193562e-007	6.214422e-007	9.654761	0.000000	0.000000	0.000000	0.000000 
-1686.000000	1130.000000	5.998464e-007	6.149519e-007	9.454147	0.000000	0.000000	0.000000	0.000000 
-1686.000000	1244.000000	5.155581e-007	6.402270e-007	10.247265	0.000000	0.000000	0.000000	0.000000 
-1800.000000	-238.000000	5.024181e-007	6.099680e-007	9.301523	0.000000	0.000000	0.000000	0.000000 
-1800.000000	-124.000000	5.191119e-007	5.821686e-007	8.473007	0.000000	0.000000	0.000000	0.000000 
-1800.000000	-10.000000	4.942123e-007	6.129423e-007	9.392457	0.000000	0.000000	0.000000	0.000000 
-1800.000000	104.000000	6.142932e-007	5.643234e-007	7.961522	0.000000	0.000000	0.000000	0.000000 
-1800.000000	218.000000	5.599021e-007	5.689388e-007	8.092284	0.000000	0.000000	0.000000	0.000000 
-1800.000000	332.000000	4.517322e-007	6.006027e-007	9.018090	0.000000	0.000000	0.000000	0.000000 
-1800.000000	446.000000	4.641851e-007	6.037670e-007	9.113364	0.000000	0.000000	0.000000	0.000000 
-1800.000000	560.000000	4.701715e-007	5.981547e-007	8.944726	0.000000	0.000000	0.000000	0.000000 
-1800.000000	674.000000	5.411085e-007	6.002680e-007	9.008042	0.000000	0.000000	0.000000	0.000000 
-1800.000000	788.000000	3.968098e-007	5.392454e-007	7.269640	0.000000	0.000000	0.000000	0.000000 
-1800.000000	902.000000	5.184686e-007	5.670062e-007	8.037401	0.000000	0.000000	0.000000	0.000000 
-1800.000000	1016.000000	4.759872e-007	6.118988e-007	9.360502	0.000000	0.000000	0.000000	0.000000 
-1800.000000	1130.000000	5.696994e-007	6.539167e-007	10.690177	0.000000	0.000000	0.000000	0.000000 
-1800.000000	1244.000000	5.565088e-007	6.329075e-007	10.014299	0.000000	0.000000	0.000000	0.000000 
-1914.000000	-238.000000	4.918553e-007	6.498767e-007	10.558494	0.000000	0.000000	0.000000	0.000000 
-1914.000000	-124.000000	5.790554e-007	6.214093e-007	9.653737	0.000000	0.000000	0.000000	0.000000 
-1914.000000	-10.000000	4.777494e-007	5.820463e-007	8.469446	0.000000	0.000000	0.000000	0.000000 
-1914.000000	104.000000	5.137015e-007	6.402704e-007	10.248653	0.000000	0.000000	0.000000	0.000000 
-1914.000000	218.000000	4.954533e-007	5.702743e-007	8.130319	0.000000	0.000000	0.000000	0.000000 
-1914.000000	332.000000	5.520122e-007	6.034715e-007	9.104447	0.000000	0.000000	0.000000	0.000000 
-1914.000000	446.000000	5.930642e-007	6.080349e-007	9.242661	0.000000	0.000000	0.000000	0.000000 
-1914.000000	560.000000	5.631401e-007	5.835085e-007	8.512054	0.000000	0.000000	0.000000	0.000000 
-1914.000000	674.000000	5.741488e-007	6.117554e-007	9.356118	0.000000	0.000000	0.000000	0.000000 
-1914.000000	788.000000	5.553085e-007	6.697661e-007	11.214667	0.000000	0.000000	0.000000	0.000000 
-1914.000000	902.000000	4.718102e-007	5.226685e-007	6.829559	0.000000	0.000000	0.000000	0.000000 
-1914.000000	1016.000000	5.426352e-007	6.265478e-007	9.814055	0.000000	0.000000	0.000000	0.000000 
-1914.000000	1130.000000	4.697159e-007	5.972472e-007	8.917606	0.000000	0.000000	0.000000	0.000000 
-1914.000000	1244.000000	5.726828e-007	6.106622e-007	9.322709	0.000000	0.000000	0.000000	0.000000 
-2028.000000	-238.000000	5.137871e-007	6.049444e-007	9.148943	0.000000	0.000000	0.000000	0.000000 
-2028.000000	-124.000000	4.880239e-007	5.662935e-007	8.017207	0.000000	0.000000	0.000000	0.000000 
-2028.000000	-10.000000	4.778875e-007	6.370029e-007	10.144317	0.000000	0.000000	0.000000	0.000000 
-2028.000000	104.000000	5.512304e-007	6.055960e-007	9.168662	0.000000	0.000000	0.000000	0.000000 
-2028.000000	218.000000	5.530916e-007	5.937411e-007	8.813213	0.000000	0.000000	0.000000	0.000000 
-2028.000000	332.000000	4.783511e-007	5.872375e-007	8.621197	0.000000	0.000000	0.000000	0.000000 
-2028.000000	446.000000	4.429834e-007	5.972822e-007	8.918652	0.000000	0.000000	0.000000	0.000000 
-2028.000000	560.000000	4.360223e-007	6.207869e-007	9.634410	0.000000	0.000000	0.000000	0.000000 
-2028.000000	674.000000	4.449636e-007	6.106027e-007	9.320893	0.000000	0.000000	0.000000	0.000000 
-2028.000000	788.000000	4.550802e-007	6.503741e-007	10.574663	0.000000	0.000000	0.000000	0.000000 
-2028.000000	902.000000	5.271939e-007	5.760883e-007	8.296942	0.000000	0.000000	0.000000	0.000000 
-2028.000000	1016.000000	4.597164e-007	5.955702e-007	8.867598	0.000000	0.000000	0.000000	0.000000 
-2028.000000	1130.000000	5.302910e-007	6.161931e-007	9.492349	0.000000	0.000000	0.000000	0.000000 
-2028.000000	1244.000000	3.528619e-007	6.174552e-007	9.531274	0.000000	0.000000	0.000000	0.000000 
-2142.000000	-238.000000	4.605163e-007	5.597020e-007	7.831658	0.000000	0.000000	0.000000	0.000000 
-2142.000000	-124.000000	4.107425e-007	6.410775e-007	10.274508	0.000000	0.000000	0.000000	0.000000 
-2142.000000	-10.000000	5.010580e-007	5.689902e-007	8.093747	0.000000	0.000000	0.000000	0.000000 
-2142.000000	104.000000	5.352373e-007	6.443472e-007	10.379581	0.000000	0.000000	0.000000	0.000000 
-2142.000000	218.000000	3.505700e-007	5.706854e-007	8.142046	0.000000	0.000000	0.000000	0.000000 
-2142.000000	332.000000	5.074181e-007	6.388997e-007	10.204821	0.000000	0.000000	0.000000	0.000000 
-2142.000000	446.000000	4.641691e-007	6.294990e-007	9.906723	0.000000	0.000000	0.000000	0.000000 
-2142.000000	560.000000	5.083317e-007	6.243483e-007	9.745271	0.000000	0.000000	0.000000	0.000000 
-2142.000000	674.000000	5.574347e-007	6.121117e-007	9.367019	0.000000	0.000000	0.000000	0.000000 
-2142.000000	788.000000	5.449232e-007	5.651395e-007	7.984566	0.000000	0.000000	0.000000	0.000000 
-2142.000000	902.000000	4.412138e-007	6.065718e-007	9.198233	0.000000	0.000000	0.000000	0.000000 
-2142.000000	1016.000000	4.514086e-007	5.518207e-007	7.612651	0.000000	0.000000	0.000000	0.000000 
-2142.000000	1130.000000	5.601608e-007	5.716275e-007	8.168950	0.000000	0.000000	0.000000	0.000000 
-2142.000000	1244.000000	4.699778e-007	5.984881e-007	8.954700	0.000000	0.000000	0.000000	0.000000 
-2256.000000	-238.000000	5.963644e-007	5.837387e-007	8.518770	0.000000	0.000000	0.000000	0.000000 
-2256.000000	-124.000000	5.181723e-007	6.266748e-007	9.818033	0.000000	0.000000	0.000000	0.000000 
-2256.000000	-10.000000	3.912048e-007	5.975659e-007	8.927124	0.000000	0.000000	0.000000	0.000000 
-2256.000000	104.000000	5.261945e-007	6.271395e-007	9.832600	0.000000	0.000000	0.000000	0.000000 
-2256.000000	218.000000	6.197757e-007	6.354153e-007	10.093814	0.000000	0.000000	0.000000	0.000000 
-2256.000000	332.000000	6.328749e-007	6.389633e-007	10.206853	0.000000	0.000000	0.000000	0.000000 
-2256.000000	446.000000	5.205868e-007	6.003629e-007	9.010892	0.000000	0.000000	0.000000	0.000000 
-2256.000000	560.000000	4.765470e-007	5.914268e-007	8.744641	0.000000	0.000000	0.000000	0.000000 
-2256.000000	674.000000	4.613296e-007	6.167920e-007	9.510811	0.000000	0.000000	0.000000	0.000000 
-2256.000000	788.000000	4.960649e-007	6.361115e-007	10.115947	0.000000	0.000000	0.000000	0.000000 
-2256.000000	902.000000	4.641449e-007	5.779854e-007	8.351677	0.000000	0.000000	0.000000	0.000000 
-2256.000000	1016.000000	4.768065e-007	5.645889e-007	7.969017	0.000000	0.000000	0.000000	0.000000 
-2256.000000	1130.000000	4.449513e-007	6.069522e-007	9.209773	0.000000	0.000000	0.000000	0.000000 
-2256.000000	1244.000000	5.525224e-007	5.885165e-007	8.658793	0.000000	0.000000	0.000000	0.000000 
-2370.000000	-238.000000	4.472940e-007	5.666031e-007	8.025976	0.000000	0.000000	0.000000	0.000000 
-2370.000000	-124.000000	5.339725e-007	5.901222e-007	8.706105	0.000000	0.000000	0.000000	0.000000 
-2370.000000	-10.000000	5.280495e-007	5.666691e-007	8.027847	0.000000	0.000000	0.000000	0.000000 
-2370.000000	104.000000	4.953766e-007	6.129344e-007	9.392213	0.000000	0.000000	0.000000	0.000000 
-2370.000000	218.000000	4.631367e-007	6.221567e-007	9.676974	0.000000	0.000000	0.000000	0.000000 
-2370.000000	332.000000	5.146804e-007	6.212366e-007	9.648372	0.000000	0.000000	0.000000	0.000000 
-2370.000000	446.000000	4.594414e-007	5.805317e-007	8.425426	0.000000	0.000000	0.000000	0.000000 
-2370.000000	560.000000	4.460796e-007	6.224289e-007	9.685444	0.000000	0.000000	0.000000	0.000000 
-2370.000000	674.000000	4.713053e-007	5.818542e-007	8.463859	0.000000	0.000000	0.000000	0.000000 
-2370.000000	788.000000	5.019790e-007	6.192364e-007	9.586342	0.000000	0.000000	0.000000	0.000000 
-2370.000000	902.000000	4.823818e-007	6.186460e-007	9.568072	0.000000	0.000000	0.000000	0.000000 
-2370.000000	1016.000000	5.142954e-007	6.544308e-007	10.706992	0.000000	0.000000	0.000000	0.000000 
-2370.000000	1130.000000	4.021843e-007	5.867392e-007	8.606571	0.000000	0.000000	0.000000	0.000000 
-2370.000000	1244.000000	4.749040e-007	6.588904e-007	10.853413	0.000000	0.000000	0.000000	0.000000 
-2484.000000	-238.000000	5.316497e-007	5.589796e-007	7.811454	0.000000	0.000000	0.000000	0.000000 
-2484.000000	-124.000000	5.035877e-007	5.937078e-007	8.812225	0.000000	0.000000	0.000000	0.000000 
-2484.000000	-10.000000	4.216582e-007	5.929903e-007	8.790938	0.000000	0.000000	0.000000	0.000000 
-2484.000000	104.000000	5.198000e-007	6.245927e-007	9.752901	0.000000	0.000000	0.000000	0.000000 
-2484.000000	218.000000	5.045334e-007	6.129628e-007	9.393084	0.000000	0.000000	0.000000	0.000000 
-2484.000000	332.000000	5.820516e-007	5.752296e-007	8.272227	0.000000	0.000000	0.000000	0.000000 
-2484.000000	446.000000	5.445486e-007	5.894782e-007	8.687113	0.000000	0.000000	0.000000	0.000000 
-2484.000000	560.000000	5.694050e-007	5.730590e-007	8.209915	0.000000	0.000000	0.000000	0.000000 
-2484.000000	674.000000	4.402269e-007	6.508321e-007	10.589560	0.000000	0.000000	0.000000	0.000000 
-2484.000000	788.000000	5.306617e-007	5.702559e-007	8.129794	0.000000	0.000000	0.000000	0.000000 
-2484.000000	902.000000	4.365084e-007	6.347637e-007	10.073123	0.000000	0.000000	0.000000	0.000000 
-2484.000000	1016.000000	5.246376e-007	6.249547e-007	9.764210	0.000000	0.000000	0.000000	0.000000 
-2484.000000	1130.000000	5.199324e-007	5.679967e-007	8.065506	0.000000	0.000000	0.000000	0.000000 
-2484.000000	1244.000000	5.287923e-007	6.301956e-007	9.928662	0.000000	0.000000	0.000000	0.000000 
-2598.000000	-238.000000	5.429413e-007	6.148174e-007	9.450011	0.000000	0.000000	0.000000	0.000000 
-2598.000000	-124.000000	4.700134e-007	5.906646e-007	8.722115	0.000000	0.000000	0.000000	0.000000 
-2598.000000	-10.000000	4.512824e-007	5.794827e-007	8.395004	0.000000	0.000000	0.000000	0.000000 
-2598.000000	104.000000	4.485710e-007	6.084502e-007	9.255291	0.000000	0.000000	0.000000	0.000000 
-2598.000000	218.000000	5.053206e-007	5.955209e-007	8.866130	0.000000	0.000000	0.000000	0.000000 
-2598.000000	332.000000	5.164978e-007	5.847528e-007	8.548396	0.000000	0.000000	0.000000	0.000000 
-2598.000000	446.000000	5.580911e-007	5.873485e-007	8.624456	0.000000	0.000000	0.000000	0.000000 
-2598.000000	560.000000	5.028590e-007	5.595078e-007	7.826224	0.000000	0.000000	0.000000	0.000000 
-2598.000000	674.000000	4.205487e-007	6.026500e-007	9.079674	0.000000	0.000000	0.000000	0.000000 
-2598.000000	788.000000	5.091010e-007	5.514599e-007	7.602699	0.000000	0.000000	0.000000	0.000000 
-2598.000000	902.000000	4.613863e-007	6.282272e-007	9.866734	0.000000	0.000000	0.000000	0.000000 
-2598.000000	1016.000000	5.692984e-007	6.642194e-007	11.029686	0.000000	0.000000	0.000000	0.000000 
-2598.000000	1130.000000	3.903856e-007	6.266843e-007	9.818331	0.000000	0.000000	0.000000	0.000000 
-2598.000000	1244.000000	4.385812e-007	6.091769e-007	9.277413	0.000000	0.000000	0.000000	0.000000 
-2712.000000	-238.000000	5.349022e-007	5.655606e-007	7.996470	0.000000	0.000000	0.000000	0.000000 
-2712.000000	-124.000000	5.579831e-007	6.351530e-007	10.085482	0.000000	0.000000	0.000000	0.000000 
-2712.000000	-10.000000	6.205432e-007	5.712686e-007	8.158697	0.000000	0.000000	0.000000	0.000000 
-2712.000000	104.000000	4.667492e-007	6.141873e-007	9.430652	0.000000	0.000000	0.000000	0.000000 
-2712.000000	218.000000	4.195382e-007	6.054104e-007	9.163044	0.000000	0.000000	0.000000	0.000000 
-2712.000000	332.000000	4.329207e-007	6.283270e-007	9.869872	0.000000	0.000000	0.000000	0.000000 
-2712.000000	446.000000	5.248931e-007	5.403577e-007	7.299662	0.000000	0.000000	0.000000	0.000000 
-2712.000000	560.000000	4.478596e-007	6.158924e-007	9.483086	0.000000	0.000000	0.000000	0.000000 
-2712.000000	674.000000	4.393029e-007	5.877733e-007	8.636938	0.000000	0.000000	0.000000	0.000000 
-2712.000000	788.000000	4.996204e-007	5.780712e-007	8.354158	0.000000	0.000000	0.000000	0.000000 
-2712.000000	902.000000	6.037228e-007	5.974691e-007	8.924232	0.000000	0.000000	0.000000	0.000000 
-2712.000000	1016.000000	5.138136e-007	5.435566e-007	7.386343	0.000000	0.000000	0.000000	0.000000 
-2712.000000	1130.000000	5.188532e-007	6.065790e-007	9.198453	0.000000	0.000000	0.000000	0.000000 
-2712.000000	1244.000000	5.225650e-007	5.970321e-007	8.911183	0.000000	0.000000	0.000000	0.000000 
-2826.000000	-238.000000	4.923861e-007	5.843216e-007	8.535794	0.000000	0.000000	0.000000	0.000000 
-2826.000000	-124.000000	4.493407e-007	5.853292e-007	8.565256	0.000000	0.000000	0.000000	0.000000 
-2826.000000	-10.000000	4.714428e-007	6.404488e-007	10.254366	0.000000	0.000000	0.000000	0.000000 
-2826.000000	104.000000	4.941927e-007	6.360765e-007	10.114833	0.000000	0.000000	0.000000	0.000000 
-2826.000000	218.000000	5.412369e-007	5.904707e-007	8.716391	0.000000	0.000000	0.000000	0.000000 
-2826.000000	332.000000	4.629969e-007	5.805609e-007	8.426275	0.000000	0.000000	0.000000	0.000000 
-2826.000000	446.000000	4.857854e-007	6.327138e-007	10.008168	0.000000	0.000000	0.000000	0.000000 
-2826.000000	560.000000	4.237202e-007	6.275771e-007	9.846327	0.000000	0.000000	0.000000	0.000000 
-2826.000000	674.000000	5.067173e-007	6.231444e-007	9.707723	0.000000	0.000000	0.000000	0.000000 
-2826.000000	788.000000	5.745020e-007	5.325543e-007	7.090352	0.000000	0.000000	0.000000	0.000000 
-2826.000000	902.000000	5.366974e-007	6.508907e-007	10.591469	0.000000	0.000000	0.000000	0.000000 
-2826.000000	1016.000000	4.740882e-007	6.783514e-007	11.504014	0.000000	0.000000	0.000000	0.000000 
-2826.000000	1130.000000	5.057919e-007	6.209404e-007	9.639176	0.000000	0.000000	0.000000	0.000000 
-2826.000000	1244.000000	5.100794e-007	6.359697e-007	10.111437	0.000000	0.000000	0.000000	0.000000 
-2940.000000	-238.000000	5.171958e-007	5.737914e-007	8.230915	0.000000	0.000000	0.000000	0.000000 
-2940.000000	-124.000000	4.610612e-007	5.329275e-007	7.100292	0.000000	0.000000	0.000000	0.000000 
-2940.000000	-10.000000	5.163584e-007	5.563839e-007	7.739075	0.000000	0.000000	0.000000	0.000000 
-2940.000000	104.000000	4.545036e-007	6.292308e-007	9.898286	0.000000	0.000000	0.000000	0.000000 
-2940.000000	218.000000	6.146926e-007	5.874370e-007	8.627055	0.000000	0.000000	0.000000	0.000000 
-2940.000000	332.000000	4.399481e-007	5.444623e-007	7.410981	0.000000	0.000000	0.000000	0.000000 
-2940.000000	446.000000	4.517836e-007	5.658488e-007	8.004622	0.000000	0.000000	0.000000	0.000000 
-2940.000000	560.000000	4.800783e-007	5.636320e-007	7.942026	0.000000	0.000000	0.000000	0.000000 
-2940.000000	674.000000	5.478416e-007	5.751450e-007	8.269794	0.000000	0.000000	0.000000	0.000000 
-2940.000000	788.000000	5.484875e-007	5.791631e-007	8.385748	0.000000	0.000000	0.000000	0.000000 
-2940.000000	902.000000	5.238590e-007	6.196057e-007	9.597782	0.000000	0.000000	0.000000	0.000000 
-2940.000000	1016.000000	3.804201e-007	5.775292e-007	8.338501	0.000000	0.000000	0.000000	0.000000 
-2940.000000	1130.000000	5.342076e-007	6.569870e-007	10.790798	0.000000	0.000000	0.000000	0.000000 
-2940.000000	1244.000000	5.784906e-007	6.356254e-007	10.100492	0.000000	0.000000	0.000000	0.000000 
